42.875000 -6.210461
44.738875 -7.111022
46.656000 -7.909378
48.627125 -8.584555
50.653000 -9.134286
52.734375 -9.567948
54.872000 -9.900949
57.066625 -10.147880
59.319000 -10.320359
61.629875 -10.429016
64.000000 -10.482565
66.430125 -10.487224
68.921000 -10.448421
71.473375 -10.372245
74.088000 -10.264427
76.765625 -10.130314
79.507000 -9.971693
82.312875 -9.790621
85.184000 -9.590456
88.121125 -9.374262
91.125000 -9.145056
94.196375 -8.905979
97.336000 -8.660384
100.544625 -8.411864
103.823000 -8.164101
107.171875 -7.920656
110.592000 -7.684732
114.084125 -7.458971
117.649000 -7.245365
121.287375 -7.037679
125.000000 -6.828767
