0.000000,-623.888252,12.819508,-611.068743,387.406810,61772.035815,4.030000
0.017500,-661.734443,47.670896,-614.063547,1440.619214,23620.303173,4.030000
0.035000,-632.040824,25.648170,-606.392654,775.090247,52917.965471,4.030000
0.052500,-634.806048,25.430788,-609.375260,768.520942,52890.703710,4.030000
0.070000,-641.310454,30.261348,-611.049106,914.500950,45844.501465,4.030000
0.087500,-627.696197,20.377819,-607.318379,615.819711,60009.323398,4.030000
0.105000,-635.453732,26.433968,-609.019763,798.837149,54211.750109,4.030000
0.122500,-643.318191,33.482199,-609.835992,1011.835379,44655.779839,4.030000
0.140000,-636.282880,28.111155,-608.171725,849.521890,50120.483526,4.030000
0.157500,-634.189256,26.115327,-608.073929,789.207762,53420.052616,4.030000
0.175000,-638.586773,29.593940,-608.992832,894.331812,48585.769255,4.030000
0.192500,-637.158157,28.813996,-608.344161,870.761827,49239.935161,4.030000
0.210000,-636.593195,28.088796,-608.504399,848.846208,51082.801952,4.030000
0.227500,-636.154332,27.883926,-608.270405,842.655022,51508.689312,4.030000
0.245000,-637.813602,28.961907,-608.851695,875.231699,49485.900152,4.030000
0.262500,-637.149083,28.995835,-608.153248,876.257001,48742.564824,4.030000
0.280000,-637.716798,29.241947,-608.474851,883.694537,49706.357262,4.030000
0.297500,-636.011546,27.751219,-608.260327,838.644603,52978.164499,4.030000
0.315000,-637.554276,28.995590,-608.558686,876.249615,51394.881342,4.030000
0.332500,-637.453638,29.118153,-608.335485,879.953464,49590.229151,4.030000
0.350000,-636.367317,28.226190,-608.141127,852.998254,50717.894568,4.030000
0.367500,-636.575655,28.189195,-608.386459,851.880283,53061.347995,4.030000
0.385000,-636.409098,28.265567,-608.143531,854.188251,54052.481608,4.030000
0.402500,-636.331975,28.393700,-607.938275,858.060420,51506.336319,4.030000
0.420000,-636.912669,28.854166,-608.058503,871.975746,50693.972190,4.030000
0.437500,-637.973724,30.055614,-607.918110,908.283640,50158.559999,4.030000
0.455000,-636.708294,28.701132,-608.007163,867.351043,51060.458687,4.030000
0.472500,-634.916969,27.083753,-607.833216,818.473704,52883.914173,4.030000
0.490000,-636.893470,29.031544,-607.861925,877.336148,51217.299172,4.030000
0.507500,-638.853674,30.671008,-608.182666,926.880908,49787.292496,4.030000
0.525000,-635.847425,28.398526,-607.448899,858.206271,54005.417223,4.030000
0.542500,-636.746558,28.907960,-607.838598,873.601420,51502.062537,4.030000
0.560000,-636.753951,29.136367,-607.617584,880.503910,50556.863956,4.030000
0.577500,-636.141565,28.697054,-607.444511,867.227827,53284.948214,4.030000
0.595000,-637.273367,29.343217,-607.930150,886.754939,52979.763813,4.030000
0.612500,-635.801431,28.505334,-607.296097,861.434021,53739.428094,4.030000
0.630000,-636.126623,28.988223,-607.138401,876.026963,51770.735376,4.030000
0.647500,-637.543133,29.797169,-607.745964,900.473405,52479.261434,4.030000
0.665000,-634.457120,27.671566,-606.785554,836.237462,58011.293439,4.030000
0.682500,-636.252835,29.021635,-607.231200,877.036677,54220.349343,4.030000
0.700000,-637.619021,30.102474,-607.516547,909.699750,50806.890642,4.030000
0.717500,-635.609220,28.764212,-606.845008,869.257351,51775.338759,4.030000
0.735000,-634.846081,27.892786,-606.953296,842.922756,54120.000110,4.030000
0.752500,-634.653480,28.282083,-606.371398,854.687346,57082.416244,4.030000
0.770000,-638.531449,31.569905,-606.961545,954.045648,52005.422560,4.030000
0.787500,-637.598944,31.187767,-606.411178,942.497404,50261.487462,4.030000
0.805000,-636.498273,29.656499,-606.841773,896.222348,51517.861305,4.030000
0.822500,-634.262348,27.945691,-606.316657,844.521564,52815.291154,4.030000
0.840000,-634.258395,28.174040,-606.084355,851.422275,53581.603541,4.030000
0.857500,-635.765807,29.493851,-606.271955,891.307114,54696.877282,4.030000
0.875000,-635.820959,29.784292,-606.036667,900.084260,52120.066351,4.030000
0.892500,-637.038197,30.676560,-606.361637,927.048686,49513.673692,4.030000
0.910000,-635.633500,29.869684,-605.763815,902.664822,52338.825089,4.030000
0.927500,-635.280378,29.129379,-606.150999,880.292720,52733.173852,4.030000
0.945000,-636.041447,29.549516,-606.491931,892.989313,53310.471659,4.030000
0.962500,-634.888961,28.704557,-606.184404,867.454572,52659.829886,4.030000
0.980000,-635.862958,30.061397,-605.801561,908.458400,52463.045528,4.030000
0.997500,-639.189494,33.038162,-606.151333,998.416523,51898.324526,4.030000
1.015000,-634.738928,29.164480,-605.574448,881.353471,55154.428344,4.030000
1.032500,-633.203438,27.592923,-605.610516,833.860866,52001.381734,4.030000
1.050000,-634.460359,28.856797,-605.603562,872.055284,49575.991172,4.030000
1.067500,-635.304780,29.485180,-605.819601,891.045058,51761.341945,4.030000
1.085000,-634.431425,28.891263,-605.540162,873.096845,53066.164003,4.030000
1.102500,-636.470284,31.051019,-605.419265,938.364874,48422.310893,4.030000
1.120000,-637.190062,31.610895,-605.579167,955.284390,48814.658659,4.030000
1.137500,-634.985526,29.891438,-605.094088,903.322225,53230.942229,4.030000
1.155000,-635.304809,30.281904,-605.022904,915.122159,52269.304317,4.030000
1.172500,-635.039659,29.710022,-605.329637,897.839802,50925.390726,4.030000
1.190000,-634.193210,29.421484,-604.771726,889.120157,53730.481346,4.030000
1.207500,-634.287987,29.246987,-605.041000,883.846851,53699.567375,4.030000
1.225000,-632.768292,28.406327,-604.361965,858.442024,53527.759594,4.030000
1.242500,-636.781767,31.227808,-605.553959,943.707452,52008.276508,4.030000
1.260000,-635.559980,30.564678,-604.995302,923.667590,52973.392776,4.030000
1.277500,-634.043601,29.548181,-604.495420,892.948975,52039.303308,4.030000
1.295000,-634.804848,30.020503,-604.784345,907.222568,53888.807577,4.030000
1.312500,-635.388069,30.461793,-604.926276,920.558400,53394.877143,4.030000
1.330000,-635.958079,30.938339,-605.019740,934.959664,51416.167299,4.030000
1.347500,-635.236430,30.355264,-604.881166,917.339100,53011.048961,4.030000
1.365000,-634.492670,30.032941,-604.459729,907.598452,53259.140135,4.030000
1.382500,-634.820666,30.225735,-604.594931,913.424723,50659.375948,4.030000
1.400000,-634.446712,30.041462,-604.405249,907.855976,51563.022190,4.030000
1.417500,-633.987161,29.790795,-604.196366,900.280780,50026.679658,4.030000
1.435000,-636.953573,31.965728,-604.987845,966.007476,48073.061682,4.030000
1.452500,-635.399960,30.813394,-604.586565,931.183832,52233.992690,4.030000
1.470000,-631.975560,28.168098,-603.807462,851.242726,56747.310969,4.030000
1.487500,-633.911733,29.540140,-604.371592,892.705975,53710.624278,4.030000
1.505000,-634.218016,30.238483,-603.979533,913.809953,53348.882417,4.030000
1.522500,-635.131748,31.068820,-604.062927,938.902836,52390.873170,4.030000
1.540000,-633.399329,29.696266,-603.703063,897.424115,53108.289443,4.030000
1.557500,-634.934634,31.160089,-603.774545,941.660986,51753.142652,4.030000
1.575000,-636.153385,32.352417,-603.800968,977.693269,51603.740162,4.030000
1.592500,-634.824308,31.273147,-603.551161,945.077612,49542.689414,4.030000
1.610000,-635.824909,32.090800,-603.734109,969.787170,51780.893328,4.030000
1.627500,-635.317933,31.811197,-603.506736,961.337529,54028.527574,4.030000
1.645000,-633.468030,30.208022,-603.260008,912.889425,54436.671950,4.030000
1.662500,-633.089910,29.626266,-603.463644,895.308711,55344.908849,4.030000
1.680000,-633.251569,29.808526,-603.443044,900.816606,58799.362249,4.030000
1.697500,-632.435351,29.243428,-603.191923,883.739311,58247.088899,4.030000
1.715000,-633.569174,29.961002,-603.608172,905.424444,53651.871803,4.030000
1.732500,-635.423089,31.796763,-603.626326,960.901321,49965.881914,4.030000
1.750000,-634.969880,31.637781,-603.332098,956.096894,52088.800587,4.030000
1.767500,-633.999609,30.759205,-603.240404,929.546236,55120.298427,4.030000
1.785000,-632.923249,30.165255,-602.757994,911.597008,53864.015260,4.030000
1.802500,-633.255571,30.485538,-602.770033,921.275977,54511.766207,4.030000
1.820000,-635.510720,31.997694,-603.513027,966.973480,53762.744876,4.030000
1.837500,-634.529615,31.398075,-603.131541,948.852933,53117.717937,4.030000
1.855000,-635.010701,31.638543,-603.372158,956.119910,52231.721272,4.030000
1.872500,-634.423620,31.380181,-603.043439,948.312182,53144.660108,4.030000
1.890000,-633.873180,30.780373,-603.092808,930.185915,53429.048863,4.030000
1.907500,-633.627532,30.608919,-603.018612,925.004585,55823.724300,4.030000
1.925000,-633.665191,30.831971,-602.833221,931.745210,56074.589127,4.030000
1.942500,-632.469186,29.842220,-602.626966,901.834850,52267.714294,4.030000
1.960000,-633.724151,30.898915,-602.825236,933.768282,48226.453950,4.030000
1.977500,-634.109946,31.411374,-602.698572,949.254831,48953.207166,4.030000
1.995000,-634.182888,31.392080,-602.790808,948.671786,48510.511037,4.030000
2.012500,-634.208850,31.917837,-602.291012,964.560217,52485.581527,4.030000
2.030000,-633.989888,31.601503,-602.388385,955.000555,54073.622045,4.030000
2.047500,-633.195417,30.798507,-602.396909,930.733949,55583.451941,4.030000
2.065000,-632.353677,30.296486,-602.057191,915.562820,58601.071570,4.030000
2.082500,-633.974834,31.599151,-602.375683,954.929490,57533.524438,4.030000
2.100000,-635.500100,33.180175,-602.319925,1002.708176,53814.885482,4.030000
2.117500,-635.751594,33.019086,-602.732509,997.840053,53200.564348,4.030000
2.135000,-632.142036,30.378121,-601.763915,918.029844,57159.855445,4.030000
2.152500,-631.217577,29.080035,-602.137541,878.801558,58738.195622,4.030000
2.170000,-630.857429,29.149453,-601.707976,880.899362,58629.860303,4.030000
2.187500,-633.466985,31.868828,-601.598157,963.079144,56811.079297,4.030000
2.205000,-635.077165,33.090653,-601.986513,1000.002809,54436.260968,4.030000
2.222500,-633.371634,32.076337,-601.295297,969.350101,53475.138042,4.030000
2.240000,-633.152399,31.415729,-601.736670,949.386461,55246.819926,4.030000
2.257500,-630.909325,30.247005,-600.662320,914.067485,61567.461012,4.030000
2.275000,-632.886369,32.138676,-600.747694,971.233965,57255.164868,4.030000
2.292500,-634.491305,33.433437,-601.057867,1010.361800,53052.723798,4.030000
2.310000,-633.118149,32.488395,-600.629754,981.802535,54898.107888,4.030000
2.327500,-632.144384,31.736850,-600.407535,959.090750,57064.870616,4.030000
2.345000,-634.151798,32.658126,-601.493672,986.931800,56766.486624,4.030000
2.362500,-630.217567,30.162201,-600.055366,911.504714,61705.309961,4.030000
2.380000,-632.348237,31.341607,-601.006630,947.146483,57874.193918,4.030000
2.397500,-630.726051,30.685085,-600.040966,927.306318,60080.175556,4.030000
2.415000,-630.710730,30.631760,-600.078969,925.694832,59795.057187,4.030000
2.432500,-634.262083,33.493254,-600.768830,1012.169447,54867.115519,4.030000
2.450000,-632.655963,32.319806,-600.336157,976.707733,54216.270843,4.030000
2.467500,-633.568290,32.600231,-600.968059,985.182216,56246.748278,4.030000
2.485000,-634.983601,33.942070,-601.041531,1025.732722,56462.944202,4.030000
2.502500,-632.221777,31.875563,-600.346214,963.282673,57231.427249,4.030000
2.520000,-631.213712,30.904581,-600.309131,933.939505,58786.133391,4.030000
2.537500,-632.007954,31.632008,-600.375946,955.922427,61513.049620,4.030000
2.555000,-632.838007,32.765250,-600.072757,990.169094,58694.973284,4.030000
2.572500,-632.730316,32.106767,-600.623548,970.269700,58839.457100,4.030000
2.590000,-628.128515,29.281618,-598.846897,884.893415,60987.777079,4.030000
2.607500,-631.142137,31.341924,-599.800213,947.156040,55062.313157,4.030000
2.625000,-632.014149,32.745528,-599.268622,989.573102,50120.662557,4.030000
2.642500,-635.998421,35.703552,-600.294869,1078.964886,48030.226431,4.030000
2.660000,-632.602440,33.191145,-599.411294,1003.039708,54898.132287,4.030000
2.677500,-631.880855,32.410343,-599.470512,979.443777,58876.956993,4.030000
2.695000,-631.302364,31.560690,-599.741674,953.767186,59742.988520,4.030000
2.712500,-630.637157,31.208888,-599.428269,943.135690,57794.228595,4.030000
2.730000,-633.349408,33.464721,-599.884687,1011.307191,55187.061606,4.030000
2.747500,-631.303007,32.322939,-598.980067,976.802438,56303.313281,4.030000
2.765000,-630.366556,32.090853,-598.275703,969.788755,58858.002963,4.030000
2.782500,-631.992911,33.238769,-598.754142,1004.478910,58621.868954,4.030000
2.800000,-628.399663,30.633429,-597.766234,925.745278,62992.284842,4.030000
2.817500,-631.090501,33.139720,-597.950781,1001.485639,60032.518483,4.030000
2.835000,-634.154268,35.511217,-598.643051,1073.152495,54663.834609,4.030000
2.852500,-631.509202,33.584026,-597.925177,1014.912587,55426.054576,4.030000
2.870000,-632.358248,34.243133,-598.115115,1034.830873,55069.681838,4.030000
2.887500,-630.980091,33.232330,-597.747761,1004.284313,57759.341497,4.030000
2.905000,-630.542361,32.652374,-597.889987,986.757997,58760.278816,4.030000
2.922500,-629.135176,31.918278,-597.216898,964.573534,59972.897306,4.030000
2.940000,-630.712525,32.931684,-597.780842,995.198751,56859.087131,4.030000
2.957500,-632.043304,33.980165,-598.063139,1026.883972,58050.244685,4.030000
2.975000,-628.948273,32.209974,-596.738299,973.388611,64392.716990,4.030000
2.992500,-630.929858,34.720770,-596.209088,1049.265121,59627.012482,4.030000
3.010000,-628.737557,33.620099,-595.117458,1016.002735,58977.200994,4.030000
3.027500,-630.686807,34.597260,-596.089546,1045.532641,60906.888039,4.030000
3.045000,-630.176912,34.387296,-595.789617,1039.187491,59391.058153,4.030000
3.062500,-631.743785,35.823926,-595.919860,1082.602590,54042.350877,4.030000
3.080000,-628.980308,33.445923,-595.534385,1010.739118,59565.765274,4.030000
3.097500,-626.502723,31.757210,-594.745513,959.706040,62867.314203,4.030000
3.115000,-630.153777,34.715859,-595.437917,1049.116714,58255.451299,4.030000
3.132500,-631.956594,36.485818,-595.470777,1102.605030,57555.567513,4.030000
3.150000,-629.891728,34.860914,-595.030814,1053.500274,62270.389168,4.030000
3.167500,-627.645540,33.554063,-594.091477,1014.007116,66586.174290,4.030000
3.185000,-630.763689,36.427417,-594.336272,1100.840160,61485.021096,4.030000
3.202500,-629.387093,35.430196,-593.956897,1070.704051,60846.731500,4.030000
3.220000,-630.319533,35.712482,-594.607052,1079.234739,59194.024885,4.030000
3.237500,-627.074028,33.365223,-593.708805,1008.300354,64491.939934,4.030000
3.255000,-626.088758,32.408339,-593.680418,979.383235,65642.103160,4.030000
3.272500,-627.982839,35.200340,-592.782498,1063.757781,64466.993986,4.030000
3.290000,-630.592598,37.916340,-592.676258,1145.835559,60527.132508,4.030000
3.307500,-628.743586,36.576826,-592.166760,1105.355315,65686.457446,4.030000
3.325000,-628.982230,36.361684,-592.620546,1098.853690,63635.901741,4.030000
3.342500,-628.138758,35.246127,-592.892631,1065.141457,64892.491726,4.030000
3.360000,-625.155047,32.803417,-592.351631,991.322508,74015.471619,4.030000
3.377500,-626.852020,34.502176,-592.349844,1042.659184,67354.568027,4.030000
3.395000,-627.321696,35.402102,-591.919594,1069.855036,63327.915619,4.030000
3.412500,-630.331465,37.955512,-592.375953,1147.019354,62682.201970,4.030000
3.430000,-627.972910,36.641468,-591.331441,1107.308805,65925.455926,4.030000
3.447500,-627.975926,36.635810,-591.340116,1107.137819,65042.540686,4.030000
3.465000,-625.359404,34.720580,-590.638824,1049.259363,66718.665969,4.030000
3.482500,-626.871936,35.837513,-591.034423,1083.013202,66848.350232,4.030000
3.500000,-627.224598,35.535318,-591.689280,1073.880828,67438.762436,4.030000
3.517500,-625.695060,34.685546,-591.009514,1048.200647,66509.938199,4.030000
3.535000,-629.940772,38.689111,-591.251661,1169.188777,62820.719446,4.030000
3.552500,-626.891815,36.595039,-590.296776,1105.905722,66145.349533,4.030000
3.570000,-624.510334,34.132204,-590.378130,1031.478587,68009.654544,4.030000
3.587500,-623.562671,33.777053,-589.785618,1020.745884,70828.718438,4.030000
3.605000,-626.319651,36.009445,-590.310206,1088.208990,65738.085512,4.030000
3.622500,-626.992154,37.424898,-589.567256,1130.984122,62583.584728,4.030000
3.640000,-630.474068,40.235142,-590.238926,1215.909989,60295.441966,4.030000
3.657500,-625.623114,37.104582,-588.518532,1121.304166,67257.651535,4.030000
3.675000,-627.494039,37.685885,-589.808154,1138.871186,67197.517647,4.030000
3.692500,-622.617087,34.227865,-588.389221,1034.369483,73895.755666,4.030000
3.710000,-623.546088,34.896376,-588.649712,1054.571961,73602.245938,4.030000
3.727500,-625.778283,36.944832,-588.833451,1116.476496,68628.923912,4.030000
3.745000,-624.087879,36.434824,-587.653055,1101.063989,70136.911925,4.030000
3.762500,-628.506975,39.272413,-589.234561,1186.816234,64747.736824,4.030000
3.780000,-624.345149,36.784667,-587.560482,1111.636289,69082.974600,4.030000
3.797500,-626.322983,38.435175,-587.887808,1161.514803,68041.747740,4.030000
3.815000,-626.536649,38.031218,-588.505431,1149.307197,66194.383684,4.030000
3.832500,-623.008606,35.928910,-587.079696,1085.775221,68818.395762,4.030000
3.850000,-626.302794,38.510516,-587.792278,1163.791605,66485.379517,4.030000
3.867500,-626.393722,38.696143,-587.697579,1169.401271,69334.421656,4.030000
3.885000,-623.140367,36.281655,-586.858712,1096.435214,74221.013344,4.030000
3.902500,-624.442148,36.920285,-587.521863,1115.734676,73441.438232,4.030000
3.920000,-623.029182,35.806131,-587.223051,1082.064833,75001.876397,4.030000
3.937500,-625.229812,37.488415,-587.741397,1132.903620,70949.350488,4.030000
3.955000,-625.564185,39.437939,-586.126246,1191.818432,68115.450710,4.030000
3.972500,-625.438658,39.287802,-586.150856,1187.281270,66147.365108,4.030000
3.990000,-622.963508,37.122003,-585.841505,1121.830627,74936.855625,4.030000
4.007500,-622.572728,36.776280,-585.796448,1111.382826,76565.917115,4.030000
4.025000,-622.217360,37.719296,-584.498064,1139.880867,76069.022988,4.030000
4.042500,-625.365666,40.221677,-585.143989,1215.503084,69867.036803,4.030000
4.060000,-622.743265,39.256812,-583.486453,1186.344760,70886.334439,4.030000
4.077500,-625.697346,41.272756,-584.424590,1247.266788,68502.755725,4.030000
4.095000,-624.608062,40.745523,-583.862539,1231.333751,71418.883638,4.030000
4.112500,-622.012047,38.023338,-583.988708,1149.069059,75016.868423,4.030000
4.130000,-621.502687,37.773233,-583.729454,1141.510844,73111.664701,4.030000
4.147500,-622.488398,38.679833,-583.808566,1168.908380,71621.911205,4.030000
4.165000,-621.928880,38.871574,-583.057306,1174.702832,73643.601055,4.030000
4.182500,-623.265737,40.456598,-582.809139,1222.602400,68569.040757,4.030000
4.200000,-625.103261,41.597191,-583.506070,1257.071246,66027.582517,4.030000
4.217500,-623.857534,40.709057,-583.148477,1230.231736,69085.563569,4.030000
4.235000,-621.626868,38.811674,-582.815194,1172.892642,69860.485003,4.030000
4.252500,-621.089928,38.112883,-582.977046,1151.775106,71108.095126,4.030000
4.270000,-622.043100,39.196019,-582.847081,1184.507585,73662.387028,4.030000
4.287500,-625.600378,41.858501,-583.741877,1264.968047,70626.182120,4.030000
4.305000,-620.443603,38.649979,-581.793624,1168.006213,71032.140104,4.030000
4.322500,-622.079022,39.574220,-582.504802,1195.936860,67576.779207,4.030000
4.340000,-617.534474,37.306255,-580.228219,1127.398732,73386.834941,4.030000
4.357500,-620.563167,39.494028,-581.069139,1193.513453,75401.070634,4.030000
4.375000,-619.530852,40.088025,-579.442828,1211.464086,72847.387445,4.030000
4.392500,-623.807411,44.068796,-579.738615,1331.763392,69465.032731,4.030000
4.410000,-619.168756,41.291459,-577.877297,1247.831987,72920.516155,4.030000
4.427500,-621.987196,42.426180,-579.561017,1282.123357,72147.907419,4.030000
4.445000,-619.250721,41.094398,-578.156324,1241.876779,73253.518027,4.030000
4.462500,-618.835696,41.338008,-577.497688,1249.238696,70894.335828,4.030000
4.480000,-618.289757,40.939299,-577.350458,1237.189670,71852.965049,4.030000
4.497500,-615.764185,39.631167,-576.133018,1197.657811,74905.307887,4.030000
4.515000,-619.623871,43.085001,-576.538870,1302.033017,75692.483549,4.030000
4.532500,-618.744227,43.069281,-575.674947,1301.557937,77933.306402,4.030000
4.550000,-617.991879,42.165120,-575.826760,1274.234098,72463.523793,4.030000
4.567500,-617.699416,43.638387,-574.061028,1318.756398,71901.369248,4.030000
4.585000,-621.324951,47.447964,-573.876987,1433.882174,71603.871954,4.030000
4.602500,-617.434243,44.645897,-572.788346,1349.203454,78075.559852,4.030000
4.620000,-612.460431,41.839249,-570.621182,1264.386270,84254.380175,4.030000
4.637500,-619.429887,46.174027,-573.255860,1395.383674,75781.976227,4.030000
4.655000,-614.034511,43.764403,-570.270108,1322.564607,82507.804374,4.030000
4.672500,-618.506576,45.984949,-572.521627,1389.669736,80546.636252,4.030000
4.690000,-615.762690,45.430033,-570.332657,1372.900102,77652.225270,4.030000
4.707500,-615.726540,45.679550,-570.046991,1380.440525,77269.481161,4.030000
4.725000,-615.548052,45.940264,-569.607788,1388.319350,79231.428658,4.030000
4.742500,-611.484295,44.141184,-567.343111,1333.950973,83443.453633,4.030000
4.760000,-611.711319,44.393449,-567.317870,1341.574433,78858.009887,4.030000
4.777500,-610.483151,44.627453,-565.855698,1348.646069,82852.265554,4.030000
4.795000,-615.810462,49.050751,-566.759711,1482.318570,83517.955866,4.030000
4.812500,-613.288685,48.424580,-564.864106,1463.395614,86245.081595,4.030000
4.830000,-613.808302,48.304236,-565.504067,1459.758799,84737.863923,4.030000
4.847500,-613.508991,48.150533,-565.358457,1455.113902,88300.993559,4.030000
4.865000,-611.149947,46.072250,-565.077697,1392.307965,88520.853764,4.030000
4.882500,-608.290071,43.680688,-564.609383,1320.034741,83936.813348,4.030000
4.900000,-610.175029,46.061201,-564.113828,1391.974067,88286.043013,4.030000
4.917500,-613.283858,48.959495,-564.324363,1479.560801,85611.852668,4.030000
4.935000,-611.410865,49.023061,-562.387804,1481.481765,85121.770859,4.030000
4.952500,-608.548456,47.798853,-560.749603,1444.486084,89049.248402,4.030000
4.970000,-607.341268,47.626667,-559.714600,1439.282617,87789.703337,4.030000
4.987500,-609.892242,50.704843,-559.187399,1532.305385,86753.599685,4.030000
5.005000,-610.435596,51.073417,-559.362178,1543.443745,91711.909829,4.030000
5.022500,-603.090274,45.466281,-557.623993,1373.995516,97624.669463,4.030000
5.040000,-607.271154,49.287252,-557.983903,1489.465638,96931.776765,4.030000
5.057500,-609.047931,51.878109,-557.169822,1567.761611,93190.570287,4.030000
5.075000,-603.853955,50.186184,-553.667771,1516.631460,90590.756246,4.030000
5.092500,-607.578424,55.346285,-552.232139,1672.570216,92950.237812,4.030000
5.110000,-601.759674,52.263091,-549.496582,1579.395811,104538.560188,4.030000
5.127500,-607.196112,56.974485,-550.221627,1721.774584,96354.067310,4.030000
5.145000,-602.572679,56.071241,-546.501438,1694.478468,97063.592006,4.030000
5.162500,-597.174480,52.264520,-544.909959,1579.438989,100592.495089,4.030000
5.180000,-597.251124,52.729358,-544.521766,1593.486440,100877.258672,4.030000
5.197500,-595.139894,53.669352,-541.470542,1621.893137,102702.474467,4.030000
5.215000,-593.824124,52.708607,-541.115517,1592.859345,109612.433406,4.030000
5.232500,-593.193846,54.383205,-538.810641,1643.465862,108241.388434,4.030000
5.250000,-601.815184,64.572181,-537.243004,1951.377707,99164.741514,4.030000
5.267500,-601.995537,64.221611,-537.773925,1940.783470,101334.550603,4.030000
5.285000,-592.028343,57.431654,-534.596689,1735.590295,110976.850018,4.030000
5.302500,-597.541909,62.935796,-534.606113,1901.926002,106401.003019,4.030000
5.320000,-590.136998,60.028220,-530.108778,1814.058775,112885.014301,4.030000
5.337500,-590.872968,60.902816,-529.970152,1840.489138,113978.982752,4.030000
5.355000,-589.379967,61.750618,-527.629350,1866.109799,118746.533623,4.030000
5.372500,-584.617701,61.389166,-523.228535,1855.186679,120849.024627,4.030000
5.390000,-583.950939,64.002927,-519.948012,1934.174800,111750.315558,4.030000
5.407500,-574.225155,61.162023,-513.063132,1848.322400,116925.016079,4.030000
5.425000,-581.420160,71.179024,-510.241136,2151.037173,123400.231256,4.030000
5.442500,-574.311975,71.645058,-502.666918,2165.120753,128765.789406,4.030000
5.460000,-566.987329,70.063714,-496.923615,2117.332386,137914.146629,4.030000
5.477500,-574.709610,76.788379,-497.921231,2320.552447,137976.261126,4.030000
5.495000,-563.670759,72.797067,-490.873691,2199.934606,149084.515572,4.030000
5.512500,-561.491234,75.827783,-485.663452,2291.523118,157153.066564,4.030000
5.530000,-549.583451,77.141012,-472.442440,2331.209027,156002.642630,4.030000
5.547500,-551.713308,85.924190,-465.789118,2596.637562,154218.483350,4.030000
5.565000,-534.296279,95.050316,-439.245963,2872.429997,179607.677519,4.030000
5.582500,-542.174874,115.612756,-426.562118,3493.828964,171316.253799,4.030000
5.600000,-512.094106,106.500674,-405.593432,3218.460929,195825.634903,4.030000
5.617500,-505.105159,129.038579,-376.066580,3899.558672,195858.853961,4.030000
5.635000,-482.836411,132.840880,-349.995532,4014.464570,225954.056879,4.030000
5.652500,-460.810151,157.013710,-303.796441,4744.969900,225629.920951,4.030000
5.670000,-445.901777,237.043144,-208.858633,7163.467357,251158.001556,4.030000
5.687500,-406.639305,346.190437,-60.448868,10461.909375,278702.105598,4.030000
5.705000,-356.488265,516.778661,160.290396,15617.102438,329439.309145,4.030000
5.722500,-299.148467,805.642431,506.493964,24346.594232,386138.750846,4.030000
5.740000,-226.901189,1192.847252,965.946063,36047.962380,492675.363290,4.030000
5.757500,-193.162263,1556.207835,1363.045573,47028.755274,502274.842356,4.030000
5.775000,-152.984826,1941.376273,1788.391446,58668.583696,587995.746093,4.030000
5.792500,-118.838663,2497.764048,2378.925385,75482.677494,741703.715924,4.030000
5.810000,-50.501145,3437.851606,3387.350460,103892.216820,971575.181237,4.030000
5.827500,17.592962,4032.986819,4050.579781,121877.262044,1167616.287229,4.030000
5.845000,-16.593659,4389.493349,4372.899689,132650.924761,1147024.992551,4.030000
5.862500,26.902261,4751.407601,4778.309862,143588.009401,1272085.791859,4.030000
5.880000,9.506397,5203.432810,5212.939207,157248.256098,1373556.534638,4.030000
5.897500,40.770698,5629.093899,5669.864596,170111.776449,1509076.003782,4.030000
5.915000,45.867138,5984.040350,6029.907488,180838.293432,1606613.955501,4.030000
5.932500,71.486668,6368.487150,6439.973818,192456.313915,1690236.103611,4.030000
5.950000,51.695646,7000.051094,7051.746740,211542.239006,1852389.110826,4.030000
5.967500,96.287436,7521.366315,7617.653751,227296.436729,1952679.142543,4.030000
5.985000,119.371599,8015.596083,8134.967682,242232.109386,2075008.027587,4.030000
6.002500,43.154171,8760.704655,8803.858826,264749.364393,2310066.387889,4.030000
6.020000,98.652268,9530.346273,9628.998542,288008.010512,2490138.090427,4.030000
6.037500,67.917292,9915.879120,9983.796412,299658.851404,2567612.397395,4.030000
6.055000,85.159611,10207.055483,10292.215093,308458.229993,2679174.579193,4.030000
6.072500,43.770518,10594.487678,10638.258196,320166.469400,2776087.127719,4.030000
6.090000,74.359906,11166.433104,11240.793010,337450.716952,2920962.457049,4.030000
6.107500,97.367393,11559.122550,11656.489943,349317.830999,3005098.259455,4.030000
6.125000,78.686508,11655.294329,11733.980837,352224.151692,3047317.133900,4.030000
6.142500,69.090312,12050.986539,12120.076851,364182.009573,3169469.103718,4.030000
6.160000,56.705451,12690.293453,12746.998904,383501.927978,3328582.719459,4.030000
6.177500,128.161349,13334.189059,13462.350408,402960.517123,3443975.419958,4.030000
6.195000,64.368322,13896.025678,13960.393999,419939.275512,3646999.392734,4.030000
6.212500,89.892099,14461.259752,14551.151851,437020.705344,3721697.150909,4.030000
6.230000,40.941434,14912.475714,14953.417148,450656.496526,3898017.171537,4.030000
6.247500,84.880502,15513.021210,15597.901712,468805.041034,4036236.165744,4.030000
6.265000,43.565061,16151.490615,16195.055675,488099.649825,4151980.872368,4.030000
6.282500,65.574020,16564.636900,16630.210920,500584.971565,4280658.649332,4.030000
6.300000,24.702121,17153.656191,17178.358312,518385.193024,4436953.530728,4.030000
6.317500,90.321826,17988.807053,18079.128879,543623.534989,4644763.838520,4.030000
6.335000,66.347128,18647.397764,18713.744892,563526.211664,4792011.689307,4.030000
6.352500,113.697576,19347.705844,19461.403420,584689.591350,5016641.517262,4.030000
6.370000,15.198491,19843.196480,19858.394971,599663.367557,5133948.746045,4.030000
6.387500,51.324866,19998.158381,20049.483247,604346.331598,5170457.222863,4.030000
6.405000,57.646927,20312.244271,20369.891198,613838.038363,5240408.393146,4.030000
6.422500,76.737975,20834.743213,20911.481188,629628.008274,5351057.535289,4.030000
6.440000,51.933428,21249.555930,21301.489357,642163.689760,5488204.158596,4.030000
6.457500,62.930140,21665.936576,21728.866716,654746.754222,5569581.794769,4.030000
6.475000,73.200952,22287.499406,22360.700358,673530.444642,5760508.888332,4.030000
6.492500,2.960988,23218.821551,23221.782539,701675.092316,6006353.788236,4.030000
6.510000,42.051791,23967.341189,24009.392980,724295.430110,6156812.265498,4.030000
6.527500,54.864115,24401.411904,24456.276019,737413.090201,6262490.480558,4.030000
6.545000,70.765186,24756.719357,24827.484543,748150.516697,6352736.662870,4.030000
6.562500,79.009489,25418.705154,25497.714643,768155.793196,6519473.939738,4.030000
6.580000,25.666218,26152.831811,26178.498029,790341.173663,6744571.641556,4.030000
6.597500,47.316364,26901.603554,26948.919919,812969.130080,6907985.720202,4.030000
6.615000,79.650370,27529.468500,27609.118870,831943.271071,7083930.917183,4.030000
6.632500,91.646206,28204.981104,28296.627310,852357.329016,7235481.257475,4.030000
6.650000,47.343092,28823.289878,28870.632969,871042.681541,7400697.985850,4.030000
6.667500,53.332758,29045.448934,29098.781692,877756.350276,7465986.212692,4.030000
6.685000,54.902788,29423.572354,29478.475142,889183.277568,7514677.703739,4.030000
6.702500,62.083418,29888.247077,29950.330495,903225.793843,7684898.627026,4.030000
6.720000,38.717146,30151.056874,30189.774020,911167.931990,7724448.113878,4.030000
6.737500,72.720205,30769.404096,30842.124300,929854.446412,7886648.948814,4.030000
6.755000,28.771999,31565.018765,31593.790764,953898.000704,8135770.407252,4.030000
6.772500,33.715874,32074.296487,32108.012362,969288.424036,8229658.713064,4.030000
6.790000,78.739663,32533.095700,32611.835363,983153.381803,8371821.044596,4.030000
6.807500,15.523587,33111.334891,33126.858478,1000627.827550,8524049.776708,4.030000
6.825000,74.898739,33487.220992,33562.119731,1011987.142823,8576259.165126,4.030000
6.842500,46.980270,33939.300282,33986.280552,1025649.023871,8715165.461839,4.030000
6.860000,51.829587,34483.262858,34535.092446,1042087.626921,8844267.709280,4.030000
6.877500,44.829929,35141.508723,35186.338652,1061979.882298,9043288.421089,4.030000
6.895000,79.543119,35781.811030,35861.354150,1081329.881591,9215915.649871,4.030000
6.912500,75.914392,36473.541967,36549.456359,1102234.059180,9362098.331127,4.030000
6.930000,55.022374,37218.914877,37273.937251,1124759.302507,9537434.732471,4.030000
6.947500,45.347351,37797.152494,37842.499845,1142233.700690,9716756.272746,4.030000
6.965000,74.174779,38205.541644,38279.716423,1154575.261363,9783308.525371,4.030000
6.982500,97.180856,38874.510431,38971.691286,1174791.564502,9971081.455134,4.030000
7.000000,69.309358,39777.256521,39846.565878,1202072.640953,10162236.291284,4.030000
7.017500,68.944008,40698.439505,40767.383513,1229910.882208,10426461.006222,4.030000
7.035000,98.099776,41191.544523,41289.644299,1244812.564788,10526052.639041,4.030000
7.052500,87.487267,41386.101041,41473.588308,1250692.082071,10616678.163294,4.030000
7.070000,135.360822,41701.424565,41836.785387,1260221.190287,10676605.704616,4.030000
7.087500,54.047329,42101.446206,42155.493535,1272309.883978,10798010.573376,4.030000
7.105000,44.971251,42957.882240,43002.853491,1298191.465961,10981870.785063,4.030000
7.122500,71.528921,43946.547484,44018.076405,1328069.027791,11270961.581157,4.030000
7.140000,43.691546,44570.461877,44614.153423,1346923.782672,11392021.718841,4.030000
7.157500,100.992242,45234.699990,45335.692232,1366997.124385,11608621.127369,4.030000
7.175000,88.610787,46117.218959,46205.829746,1393666.935257,11841918.532665,4.030000
7.192500,49.063844,46851.865995,46900.929839,1415868.041597,12008923.328334,4.030000
7.210000,84.415783,47670.953354,47755.369137,1440620.942907,12205804.064197,4.030000
7.227500,88.885826,48431.501889,48520.387715,1463604.795151,12381017.950881,4.030000
7.245000,60.341176,49125.681420,49186.022596,1484582.969487,12608945.792502,4.030000
7.262500,63.533288,49764.047284,49827.580571,1503874.449259,12717092.329339,4.030000
7.280000,56.067370,50032.057411,50088.124781,1511973.741899,12820060.364707,4.030000
7.297500,84.257203,50425.127024,50509.384227,1523852.344645,12872089.099405,4.030000
7.315000,37.755207,50662.441278,50700.196485,1531024.004948,13009272.077819,4.030000
7.332500,91.090006,50929.212012,51020.302018,1539085.843011,13057367.805619,4.030000
7.350000,84.608965,51357.220849,51441.829814,1552020.312579,13147110.552806,4.030000
7.367500,1.993480,51701.065842,51703.059322,1562411.342384,13269633.443332,4.030000
7.385000,61.207822,51672.023875,51733.231697,1561533.691256,13229306.495519,4.030000
7.402500,62.090617,51558.699683,51620.790300,1558109.022929,13159411.566040,4.030000
7.420000,67.335728,51389.560405,51456.896133,1552997.617168,13181388.075861,4.030000
7.437500,27.169605,51635.510722,51662.680326,1560430.260142,13226971.120843,4.030000
7.455000,71.326596,52442.887072,52514.213668,1584829.253591,13452794.379927,4.030000
7.472500,94.108841,53194.829488,53288.938329,1607553.028056,13616757.203734,4.030000
7.490000,63.812598,53986.410556,54050.223154,1631474.686531,13823488.961096,4.030000
7.507500,76.717407,54771.726286,54848.443693,1655207.005855,14041595.511118,4.030000
7.525000,117.458163,55352.050929,55469.509092,1672744.474156,14165554.458295,4.030000
7.542500,76.629919,55319.956550,55396.586468,1671774.578840,14174345.417007,4.030000
7.560000,79.720115,55570.187668,55649.907783,1679336.588080,14237626.125576,4.030000
7.577500,65.162603,56389.348054,56454.510657,1704091.696262,14443557.240086,4.030000
7.595000,113.692502,57124.245468,57237.937970,1726300.369067,14624111.577340,4.030000
7.612500,87.535370,57530.063625,57617.598995,1738564.234081,14711496.900196,4.030000
7.630000,85.128521,57670.683627,57755.812148,1742813.784501,14736910.236000,4.030000
7.647500,42.443008,57881.574829,57924.017837,1749186.937540,14804913.757866,4.030000
7.665000,44.706530,58280.672490,58325.379020,1761247.708470,14920288.727661,4.030000
7.682500,80.713191,58677.652160,58758.365351,1773244.473525,15005092.839741,4.030000
7.700000,38.603235,58882.032540,58920.635775,1779420.868892,15077814.420183,4.030000
7.717500,77.382429,58898.661051,58976.043480,1779923.384141,15081668.508138,4.030000
7.735000,43.216585,59365.027729,59408.244314,1794017.031443,15207295.938479,4.030000
7.752500,63.921724,59845.541429,59909.463153,1808538.203182,15303497.768000,4.030000
7.770000,59.978211,59830.825783,59890.803993,1808093.494879,15309698.649399,4.030000
7.787500,66.387270,60408.710794,60475.098064,1825557.237299,15464640.238875,4.030000
7.805000,83.512540,61659.748391,61743.260931,1863363.717665,15742305.234595,4.030000
7.822500,84.441107,62593.129436,62677.570543,1891570.585515,16001877.337404,4.030000
7.840000,64.607107,63062.217601,63126.824708,1905746.476422,16139187.175519,4.030000
7.857500,82.576024,63247.422847,63329.998871,1911343.397359,16204725.556211,4.030000
7.875000,52.292102,63124.250472,63176.542574,1907621.115947,16151194.598822,4.030000
7.892500,80.505557,63433.832138,63514.337695,1916976.704622,16241217.445753,4.030000
7.910000,18.639175,63925.417125,63944.056300,1931832.451732,16375791.727101,4.030000
7.927500,91.698784,64354.862924,64446.561707,1944810.346411,16477613.770893,4.030000
7.945000,45.607510,64553.178461,64598.785971,1950803.461637,16500002.415108,4.030000
7.962500,63.531663,65074.135066,65137.666729,1966546.821957,16676527.630930,4.030000
7.980000,65.164535,66096.379744,66161.544279,1997439.157615,16878888.204775,4.030000
7.997500,63.054024,66519.477699,66582.531723,2010225.219813,17005706.555506,4.030000
8.015000,46.693785,66880.642450,66927.336235,2021139.654431,17087439.848204,4.030000
8.032500,21.865286,67397.507774,67419.373060,2036759.375847,17271461.529672,4.030000
8.050000,49.617798,67769.543957,67819.161756,2048002.346236,17330085.139586,4.030000
8.067500,58.483236,68268.575727,68327.058963,2063083.135865,17452169.308231,4.030000
8.085000,107.102432,68745.814552,68852.916984,2077505.340515,17562729.677314,4.030000
8.102500,53.452645,69059.959682,69113.412327,2086998.837544,17679816.941095,4.030000
8.120000,56.268073,69358.054861,69414.322934,2096007.303458,17749453.807175,4.030000
8.137500,40.644322,69539.767166,69580.411488,2101498.667355,17776257.677697,4.030000
8.155000,54.152125,70000.971717,70055.123842,2115436.314672,17900108.992553,4.030000
8.172500,35.834479,70663.951792,70699.786271,2135471.638345,18056186.423187,4.030000
8.190000,58.718142,71465.217043,71523.935185,2159685.953769,18284460.353516,4.030000
8.207500,76.118990,72915.554329,72991.673319,2203515.290541,18632297.560178,4.030000
8.225000,71.181871,74424.910582,74496.092454,2249128.186362,19024907.742979,4.030000
8.242500,67.582310,74873.052374,74940.634684,2262671.075787,19143185.712862,4.030000
8.260000,86.373254,75570.461033,75656.834287,2283746.834688,19364427.495667,4.030000
8.277500,37.541063,76484.734425,76522.275488,2311376.267378,19539913.326787,4.030000
8.295000,50.737417,76774.601602,76825.339018,2320136.082230,19637599.319370,4.030000
8.312500,44.462978,77130.116139,77174.579117,2330879.766854,19715748.310794,4.030000
8.330000,-0.644594,77323.758492,77323.113898,2336731.657963,19809401.530173,4.030000
8.347500,42.548353,78050.544700,78093.093053,2358695.209325,19953435.508720,4.030000
8.365000,101.210899,78941.083127,79042.294026,2385607.369001,20174800.441389,4.030000
8.382500,60.166253,79483.780184,79543.946437,2402007.727935,20337244.452656,4.030000
8.400000,65.909098,80106.147384,80172.056482,2420815.726502,20476781.260433,4.030000
8.417500,64.938281,80740.914580,80805.852861,2439998.454201,20627310.079595,4.030000
8.435000,54.272190,80889.270090,80943.542280,2444481.772437,20689492.047479,4.030000
8.452500,4.640418,81027.551828,81032.192246,2448660.660273,20712858.977446,4.030000
8.470000,114.375205,80997.516471,81111.891677,2447752.988820,20679007.219978,4.030000
8.487500,65.819222,80794.869773,80860.688995,2441628.985473,20649821.004754,4.030000
8.505000,119.943960,80989.218192,81109.162153,2447502.214004,20735684.753970,4.030000
8.522500,32.781575,80796.637240,80829.418815,2441682.398502,20627620.403217,4.030000
8.540000,35.025226,80955.193228,80990.218454,2446473.976211,20716042.374832,4.030000
8.557500,48.955727,82091.394434,82140.350160,2480810.089441,20987961.797826,4.030000
8.575000,47.805065,83156.809602,83204.614667,2513007.041607,21272943.283867,4.030000
8.592500,55.316392,84440.101156,84495.417548,2551788.239744,21587827.555697,4.030000
8.610000,82.803993,85421.362651,85504.166644,2581442.059543,21833693.330994,4.030000
8.627500,62.503079,86036.442594,86098.945672,2600029.836483,21998194.748011,4.030000
8.645000,80.858958,86371.623112,86452.482070,2610159.025012,22069591.236713,4.030000
8.662500,11.772351,86521.276395,86533.048746,2614681.562092,22124475.759583,4.030000
8.680000,98.881309,86952.965100,87051.846409,2627727.237619,22243495.244368,4.030000
8.697500,62.030151,87332.505303,87394.535454,2639196.980235,22282188.076487,4.030000
8.715000,113.084880,87998.013694,88111.098574,2659308.709879,22493427.620114,4.030000
8.732500,86.106953,88482.807088,88568.914042,2673959.214367,22620555.058446,4.030000
8.750000,48.369697,89187.299519,89235.669215,2695249.045553,22783481.715100,4.030000
8.767500,76.745057,90828.887906,90905.632963,2744858.009602,23192900.094219,4.030000
8.785000,67.316790,91927.743728,91995.060518,2778065.541628,23494748.869989,4.030000
8.802500,70.408989,92449.438943,92519.847932,2793831.222796,23622608.923131,4.030000
8.820000,39.659449,93170.350034,93210.009483,2815617.227545,23847420.504728,4.030000
8.837500,65.078553,93574.308043,93639.386596,2827824.878696,23891064.326782,4.030000
8.855000,68.679280,94141.174533,94209.853814,2844955.640303,24062427.852867,4.030000
8.872500,14.972534,94825.427001,94840.399535,2865633.817795,24205917.667684,4.030000
8.890000,56.917886,95593.624495,95650.542381,2888848.822335,24425608.603810,4.030000
8.907500,56.947938,96462.245045,96519.192983,2915098.621588,24639575.033285,4.030000
8.925000,66.708816,97269.137430,97335.846246,2939482.989570,24862897.831057,4.030000
8.942500,44.835564,97747.249185,97792.084749,2953931.574272,24977313.411737,4.030000
8.960000,63.827647,98399.993765,98463.821412,2973657.580266,25139047.308452,4.030000
8.977500,62.799132,99269.517452,99332.316585,2999934.672426,25399715.696176,4.030000
8.995000,1.058010,99141.327861,99142.385871,2996060.770251,25352193.408534,4.030000
9.012500,53.771010,98782.065012,98835.836022,2985203.811286,25230707.985710,4.030000
9.030000,69.635650,99356.078906,99425.714556,3002550.568140,25380300.095002,4.030000
9.047500,50.969629,99660.874589,99711.844218,3011761.523952,25476657.876342,4.030000
9.065000,33.333068,99629.030492,99662.363560,3010799.192185,25437192.920398,4.030000
9.082500,55.968507,99513.348993,99569.317500,3007303.285797,25416802.655268,4.030000
9.100000,65.098066,99530.265268,99595.363335,3007814.497317,25444021.432959,4.030000
9.117500,33.563485,99698.459665,99732.023150,3012897.348683,25527153.106517,4.030000
9.135000,50.374465,99768.224527,99818.598991,3015005.649725,25511338.589321,4.030000
9.152500,96.650978,100644.604310,100741.255288,3041489.933776,25702251.451873,4.030000
9.170000,18.746192,102099.778324,102118.524515,3085465.436942,26100358.816433,4.030000
9.187500,53.369784,103586.549542,103639.919326,3130395.810754,26463094.835317,4.030000
9.205000,101.495371,104509.774940,104611.270311,3158295.773948,26742886.378039,4.030000
9.222500,87.699977,105147.384873,105235.084849,3177564.409395,26835700.711100,4.030000
9.240000,101.236315,105145.120041,105246.356356,3177495.965969,26875211.929402,4.030000
9.257500,61.598125,105300.939765,105362.537890,3182204.853497,26897351.573792,4.030000
9.275000,32.679505,105588.085184,105620.764689,3190882.416563,26996052.245512,4.030000
9.292500,38.570052,105513.204116,105551.774168,3188619.503246,26942106.472771,4.030000
9.310000,63.316079,105171.561082,105234.877161,3178295.016837,26866950.277818,4.030000
9.327500,75.500083,105038.602337,105114.102420,3174276.990384,26833762.856689,4.030000
9.345000,104.648176,105119.475748,105224.123924,3176720.992888,26832318.197144,4.030000
9.362500,51.220079,105429.937870,105481.157950,3186103.189030,26942464.472792,4.030000
9.380000,94.630607,106341.153844,106435.784452,3213640.226227,27154274.319455,4.030000
9.397500,55.584501,107391.071222,107446.655723,3245368.833618,27447770.579491,4.030000
9.415000,95.454601,108380.543583,108475.998184,3275270.786598,27679762.016301,4.030000
9.432500,54.163497,109210.828711,109264.992207,3300362.085583,27912930.979089,4.030000
9.450000,41.914199,110272.451813,110314.366012,3332444.441123,28180809.098459,4.030000
9.467500,50.718047,111071.892075,111122.610122,3356603.605209,28373751.919219,4.030000
9.485000,35.931376,111350.932763,111386.864138,3365036.242492,28451013.044478,4.030000
9.502500,84.730802,111858.239970,111942.970772,3380367.116661,28571990.300868,4.030000
9.520000,48.257759,112776.697796,112824.955555,3408123.003332,28833548.844101,4.030000
9.537500,47.474105,113697.899738,113745.373843,3435961.817488,29053006.066688,4.030000
9.555000,101.633822,114969.413547,115071.047370,3474387.091033,29382215.393861,4.030000
9.572500,49.700470,115501.466488,115551.166957,3490465.783706,29535418.968451,4.030000
9.590000,36.769411,115265.470407,115302.239819,3483333.958736,29414143.787728,4.030000
9.607500,45.931828,115693.765583,115739.697411,3496277.081475,29551531.629398,4.030000
9.625000,113.501367,116433.527273,116547.028640,3518632.753173,29751765.717697,4.030000
9.642500,75.346982,116969.916831,117045.263813,3534842.498871,29868432.702529,4.030000
9.660000,78.527127,117211.743666,117290.270794,3542150.529841,29935902.022978,4.030000
9.677500,106.274810,117725.961108,117832.235918,3557690.231976,30057477.236320,4.030000
9.695000,44.692409,118199.291887,118243.984296,3571994.335114,30166545.698676,4.030000
9.712500,39.998795,118452.628446,118492.627240,3579650.191053,30253274.143287,4.030000
9.730000,124.764485,118453.581381,118578.345867,3579678.988869,30260370.333367,4.030000
9.747500,55.321126,118366.413266,118421.734392,3577044.759772,30252470.072718,4.030000
9.765000,76.684589,118730.641767,118807.326355,3588051.781214,30313267.675926,4.030000
9.782500,86.064452,119065.733428,119151.797879,3598178.284485,30437201.678346,4.030000
9.800000,41.903304,119539.244193,119581.147498,3612487.826821,30567663.122152,4.030000
9.817500,32.244364,120054.298802,120086.543166,3628052.828239,30666094.078944,4.030000
9.835000,61.459787,120613.020515,120674.480301,3644937.453860,30812368.869595,4.030000
9.852500,84.230386,121019.635078,121103.865464,3657225.386331,30908428.724537,4.030000
9.870000,58.602408,121250.589853,121309.192261,3664204.862570,30980983.055466,4.030000
9.887500,76.829370,121188.984325,121265.813695,3662343.137399,30977780.554544,4.030000
9.905000,110.512729,120749.262280,120859.775009,3649054.693529,30785320.830678,4.030000
9.922500,60.587496,120804.708447,120865.295944,3650730.282216,30851519.310701,4.030000
9.940000,40.890652,120636.890741,120677.781393,3645658.814474,30806718.020400,4.030000
9.957500,55.563135,120488.448842,120544.011977,3641172.885537,30811852.696749,4.030000
9.975000,87.766489,121000.845258,121088.611746,3656657.556097,30914665.315538,4.030000
9.992500,112.189645,121840.959236,121953.148881,3682045.883914,31118052.135873,4.030000
10.010000,54.149377,122362.957898,122417.107275,3697820.735294,31293758.563936,4.030000
10.027500,79.907406,122827.067163,122906.974569,3711846.163377,31379507.305227,4.030000
10.045000,65.544452,123294.246597,123359.791049,3725964.372247,31517148.042306,4.030000
10.062500,54.530772,123256.137008,123310.667780,3724812.696687,31474505.204916,4.030000
10.080000,61.386588,123704.760810,123766.147398,3738370.152503,31616295.057506,4.030000
10.097500,90.919695,124585.703718,124676.623413,3764992.334663,31850267.647867,4.030000
10.115000,31.391641,125347.642027,125379.033668,3788018.185988,32032725.882489,4.030000
10.132500,25.406874,126216.724232,126242.131106,3814281.936494,32236110.368559,4.030000
10.150000,84.560718,126823.969901,126908.530619,3832632.960916,32389198.793213,4.030000
10.167500,43.927778,127602.950484,127646.878263,3856173.831466,32571975.925515,4.030000
10.185000,61.127952,128387.743885,128448.871838,3879890.365954,32820408.346712,4.030000
10.202500,42.647190,128622.406976,128665.054166,3886981.907854,32876352.571043,4.030000
10.220000,48.478951,128860.902262,128909.381213,3894189.259085,32910834.887104,4.030000
10.237500,45.228790,129024.041394,129069.270184,3899119.339850,33008839.749583,4.030000
10.255000,82.845316,129235.000068,129317.845384,3905494.531903,33031561.544878,4.030000
10.272500,95.471763,129528.452631,129623.924394,3914362.697500,33073739.793458,4.030000
10.290000,93.333883,129565.805956,129659.139839,3915491.518684,33090961.889311,4.030000
10.307500,50.776206,129850.444023,129901.220228,3924093.309321,33128959.678656,4.030000
10.325000,70.684390,129983.173297,130053.857687,3928104.401170,33218499.759940,4.030000
10.342500,104.160923,129622.567846,129726.728769,3917206.868637,33055210.780201,4.030000
10.360000,57.885738,129560.429813,129618.315551,3915329.051104,33109344.354204,4.030000
10.377500,87.713410,129788.435347,129876.148757,3922219.400991,33170785.735084,4.030000
10.395000,64.126523,129664.177051,129728.303574,3918464.302951,33152205.147155,4.030000
10.412500,70.677842,129300.785870,129371.463713,3907482.585387,33071383.258057,4.030000
10.430000,58.314946,129723.954119,129782.269066,3920270.771880,33155586.392397,4.030000
10.447500,92.288297,130534.316271,130626.604568,3944759.996557,33338727.731799,4.030000
10.465000,63.018735,131339.893119,131402.911854,3969104.608876,33533810.174320,4.030000
10.482500,42.080227,132238.803874,132280.884101,3996269.781140,33787041.971263,4.030000
10.500000,85.618108,132858.923261,132944.541369,4015009.850575,33962196.611108,4.030000
10.517500,114.688433,133555.964599,133670.653032,4036074.509004,34112748.674837,4.030000
10.535000,76.812717,134143.820745,134220.633462,4053839.580100,34263734.621188,4.030000
10.552500,78.982678,134374.190410,134453.173087,4060801.374226,34324649.397598,4.030000
10.570000,67.549330,134623.391532,134690.940862,4068332.256878,34408664.375209,4.030000
10.587500,32.974620,135096.238250,135129.212870,4082621.731656,34510848.161137,4.030000
10.605000,37.322414,135781.388866,135818.711280,4103327.051286,34691500.751356,4.030000
10.622500,38.281391,136478.993176,136517.274567,4124408.722792,34883464.106550,4.030000
10.640000,65.443421,137355.637309,137421.080729,4150900.995504,35066526.345067,4.030000
10.657500,42.938647,138520.289930,138563.228577,4186096.913329,35356659.403410,4.030000
10.675000,61.153609,139352.450301,139413.603911,4211244.882374,35603341.444980,4.030000
10.692500,41.770048,140298.705095,140340.475143,4239840.796172,35853415.796652,4.030000
10.710000,54.830507,140884.244315,140939.074821,4257535.849522,35991822.846958,4.030000
10.727500,53.052711,141547.020439,141600.073150,4277565.009802,36143595.255938,4.030000
10.745000,131.075189,141655.397199,141786.472388,4280840.166252,36178737.299241,4.030000
10.762500,61.544617,141264.508775,141326.053392,4269027.479280,36058028.301261,4.030000
10.780000,80.339159,141279.629914,141359.969072,4269484.441584,36052901.541466,4.030000
10.797500,58.858415,141742.323671,141801.182086,4283467.092856,36198675.924903,4.030000
10.815000,54.818643,142165.651398,142220.470041,4296260.098799,36310715.232847,4.030000
10.832500,69.300988,141867.932056,141937.233043,4287262.990710,36227426.929261,4.030000
10.850000,23.896764,142184.711328,142208.608092,4296836.091770,36339731.089444,4.030000
10.867500,41.180062,142752.596782,142793.776844,4313997.646581,36463383.013626,4.030000
10.885000,94.873052,143341.787066,143436.660118,4331803.035443,36628689.439340,4.030000
10.902500,86.238313,143641.643768,143727.882081,4340864.734756,36683473.954009,4.030000
10.920000,72.663000,144023.421885,144096.084885,4352402.107353,36766077.638476,4.030000
10.937500,81.785994,145067.101358,145148.887352,4383942.204628,37031965.111923,4.030000
10.955000,103.180563,146077.296142,146180.476704,4414470.391281,37293777.821066,4.030000
10.972500,87.743654,147646.764623,147734.508277,4461899.884594,37680248.141866,4.030000
10.990000,34.167098,148318.472554,148352.639652,4482198.964953,37870189.542652,4.030000
11.007500,50.650820,148164.705612,148215.356433,4477552.112714,37820726.581531,4.030000
11.025000,64.554340,148281.212850,148345.767190,4481072.972993,37836757.091904,4.030000
11.042500,74.108406,148013.834377,148087.942782,4472992.768994,37769811.374472,4.030000
11.060000,103.664425,148196.798712,148300.463137,4478521.969377,37832020.763269,4.030000
11.077500,27.760451,148701.925457,148729.685908,4493786.949740,37981589.583204,4.030000
11.095000,34.950552,149029.383344,149064.333896,4503682.759598,38052646.424755,4.030000
11.112500,51.968054,149067.205891,149119.173944,4504825.760721,38056814.448220,4.030000
11.130000,43.517643,148974.110052,149017.627694,4502012.395226,38011029.540571,4.030000
11.147500,96.391382,149752.601134,149848.992516,4525538.473007,38250016.643979,4.030000
11.165000,76.972031,151552.422847,151629.394877,4579929.263847,38719682.801563,4.030000
11.182500,58.824335,152305.909614,152364.733949,4602699.708758,38900747.248704,4.030000
11.200000,77.646490,153050.062757,153127.709247,4625188.090613,39078748.941646,4.030000
11.217500,65.493060,154260.072536,154325.565596,4661754.706270,39397701.003087,4.030000
11.235000,67.654747,155215.293083,155282.947830,4690621.566039,39623062.760734,4.030000
11.252500,71.554527,156321.775998,156393.330525,4724059.589563,39933371.075297,4.030000
11.270000,34.318500,157243.566906,157277.885406,4751916.202312,40153615.516321,4.030000
11.287500,84.045652,157913.077748,157997.123400,4772148.886437,40342259.325335,4.030000
11.305000,55.239735,158725.027955,158780.267690,4796686.102279,40570679.856545,4.030000
11.322500,70.072534,159651.018021,159721.090555,4824669.614015,40769777.438032,4.030000
11.340000,59.074955,160272.140318,160331.215273,4843439.991484,40901061.592608,4.030000
11.357500,86.524882,160470.087679,160556.612561,4849421.980376,40972702.207039,4.030000
11.375000,64.954937,160854.524536,160919.479474,4861039.700379,41036302.915972,4.030000
11.392500,39.172056,161756.491422,161795.663478,4888297.229208,41315503.718223,4.030000
11.410000,20.426599,162668.612552,162689.039151,4915861.620307,41556678.172447,4.030000
11.427500,59.848890,163151.959081,163211.807972,4930468.400409,41642866.335342,4.030000
11.445000,91.253818,163858.356011,163949.609829,4951815.785746,41818771.416190,4.030000
11.462500,80.990806,165147.998793,165228.989599,4990788.918648,42127284.253544,4.030000
11.480000,37.799129,165694.891439,165732.690568,5007316.068705,42292396.415203,4.030000
11.497500,30.704841,165905.064837,165935.769678,5013667.529659,42372507.775102,4.030000
11.515000,64.630698,166638.767591,166703.398289,5035840.099741,42548663.997164,4.030000
11.532500,90.263093,167123.597276,167213.860369,5050491.700924,42685058.097852,4.030000
11.550000,51.107770,167122.348056,167173.455826,5050453.949389,42676507.232560,4.030000
11.567500,60.098892,166790.546635,166850.645526,5040426.877493,42594783.461296,4.030000
11.585000,74.219333,166401.995745,166476.215077,5028684.831025,42482425.106118,4.030000
11.602500,41.937032,166363.556919,166405.493951,5027523.205887,42463324.244648,4.030000
11.620000,50.917732,166291.531056,166342.448788,5025346.577154,42479295.292787,4.030000
11.637500,59.424694,166840.594660,166900.019354,5041939.333794,42599658.001408,4.030000
11.655000,76.258985,167928.280165,168004.539149,5074809.297718,42877153.134731,4.030000
11.672500,83.921230,168020.432206,168104.353436,5077594.141572,42904881.328164,4.030000
11.690000,39.311228,168688.181761,168727.492989,5097773.599396,43045835.433030,4.030000
11.707500,55.332064,169739.032195,169794.364260,5129530.403848,43344661.773427,4.030000
11.725000,80.378809,170024.930816,170105.309625,5138170.288555,43387569.688118,4.030000
11.742500,87.513888,169771.764249,169859.278137,5130519.569762,43351600.968483,4.030000
11.760000,63.504361,169710.468100,169773.972461,5128667.194064,43305093.406931,4.030000
11.777500,68.260086,169849.175075,169917.435160,5132858.932596,43388791.335837,4.030000
11.795000,10.949360,170320.256437,170331.205798,5147095.058145,43498150.975966,4.030000
11.812500,77.828162,171222.896999,171300.725161,5174372.945526,43720899.905713,4.030000
11.830000,48.146008,172547.927381,172596.073388,5214415.495203,44083812.034047,4.030000
11.847500,90.552502,173932.467215,174023.019717,5256256.426439,44414358.553237,4.030000
11.865000,52.082512,174481.113308,174533.195820,5272836.565832,44533812.310705,4.030000
11.882500,102.958006,174491.746326,174594.704332,5273157.896700,44519837.003373,4.030000
11.900000,104.152676,174938.987048,175043.139724,5286673.555717,44647031.818468,4.030000
11.917500,42.441319,175096.353578,175138.794897,5291429.187884,44700712.839614,4.030000
11.935000,64.526373,174783.101383,174847.627756,5281962.675455,44593844.440541,4.030000
11.952500,118.643208,175203.695862,175322.339071,5294673.082377,44748912.206066,4.030000
11.970000,47.372489,175944.546025,175991.918514,5317061.647828,44895035.379752,4.030000
11.987500,79.680323,176396.324281,176476.004604,5330714.431582,45072794.798476,4.030000
12.005000,89.159090,176381.626851,176470.785941,5330270.273787,45006988.096765,4.030000
12.022500,1.169423,176798.453752,176799.623176,5342866.824127,45175773.813971,4.030000
12.040000,49.571159,176964.809216,177014.380375,5347894.102748,45207874.959676,4.030000
12.057500,18.817292,177257.033486,177275.850777,5356725.149194,45261269.604715,4.030000
12.075000,24.321733,178392.347946,178416.669679,5391034.464891,45559270.603081,4.030000
12.092500,33.477131,179429.939363,179463.416494,5422390.580520,45838817.257367,4.030000
12.110000,31.702451,180399.015561,180430.718012,5451676.159432,46066389.579330,4.030000
12.127500,44.356561,181319.579530,181363.936092,5479495.693977,46291471.347560,4.030000
12.145000,75.525597,182428.365543,182503.891140,5513003.317344,46553122.915091,4.030000
12.162500,56.519381,183123.680373,183180.199754,5534015.800555,46744035.684901,4.030000
12.180000,33.793335,184125.544110,184159.337446,5564292.222142,47016459.946134,4.030000
12.197500,97.623110,185489.484230,185587.107340,5605510.627959,47324012.840315,4.030000
12.215000,64.482327,186577.368145,186641.850472,5638386.587881,47606383.544862,4.030000
12.232500,69.419197,186634.409779,186703.828977,5640110.391733,47644280.803159,4.030000
12.250000,58.630411,186581.311728,186639.942140,5638505.763358,47634914.466238,4.030000
12.267500,108.922755,187153.843150,187262.765905,5655807.719766,47789137.157168,4.030000
12.285000,88.605028,187072.969705,187161.574733,5653363.716210,47749894.164639,4.030000
12.302500,35.193800,186948.149001,186983.342801,5649591.622160,47749984.304705,4.030000
12.320000,40.046973,187561.275096,187601.322069,5668120.353620,47906626.767701,4.030000
12.337500,27.065193,188797.168791,188824.233984,5705469.183768,48192569.691029,4.030000
12.355000,62.321494,190443.754109,190506.075603,5755229.155549,48641209.899832,4.030000
12.372500,78.339677,191370.218479,191448.558156,5783227.000791,48858428.626814,4.030000
12.390000,63.978826,191851.655399,191915.634225,5797776.072306,48969741.871841,4.030000
12.407500,73.168101,192877.800957,192950.969058,5828786.292945,49217916.483412,4.030000
12.425000,139.097709,193649.584423,193788.682132,5852109.665888,49427572.662136,4.030000
12.442500,70.665127,194090.949325,194161.614453,5865447.757061,49558746.886877,4.030000
12.460000,79.151427,194624.093493,194703.244920,5881559.426730,49669598.279206,4.030000
12.477500,28.121472,195156.176779,195184.298251,5897639.036472,49834398.913612,4.030000
12.495000,3.404073,195386.311926,195389.716000,5904593.743465,49842024.226966,4.030000
12.512500,35.721565,195751.889022,195787.610587,5915641.519588,49945923.742800,4.030000
12.530000,64.458526,195999.255092,196063.713617,5923116.946771,50037606.332225,4.030000
12.547500,85.816289,195877.335503,195963.151792,5919432.524712,49998995.224692,4.030000
12.565000,76.042511,195627.454420,195703.496932,5911881.093571,49926557.283114,4.030000
12.582500,66.198920,195832.582871,195898.781791,5918080.095724,50005348.989650,4.030000
12.600000,63.827065,196843.251362,196907.078427,5948622.597862,50223178.563067,4.030000
12.617500,52.736707,197559.764113,197612.500820,5970275.684311,50445491.890552,4.030000
12.635000,42.751487,198462.786160,198505.537647,5997565.100232,50666284.987017,4.030000
12.652500,130.506574,199354.307813,199484.814387,6024506.973083,50912720.613053,4.030000
12.670000,71.931139,200598.338817,200670.269956,6062101.713527,51237816.253424,4.030000
12.687500,107.949402,201970.728387,202078.677789,6103575.462583,51524686.601172,4.030000
12.705000,94.435821,203163.114253,203257.550073,6139609.481812,51862528.459609,4.030000
12.722500,92.776699,204402.193486,204494.970185,6177054.579252,52190227.812419,4.030000
12.740000,48.817413,205155.453687,205204.271100,6199818.177307,52387288.452742,4.030000
12.757500,43.840815,206457.968483,206501.809298,6239180.303752,52701970.962464,4.030000
12.775000,45.886238,207505.933311,207551.819549,6270849.904876,52977627.619894,4.030000
12.792500,103.635005,208543.826777,208647.461783,6302215.148472,53211377.764090,4.030000
12.810000,56.870072,209382.961045,209439.831116,6327573.869349,53408007.861317,4.030000
12.827500,51.239342,209662.100038,209713.339380,6336009.477438,53517458.153850,4.030000
12.845000,78.248762,210338.805020,210417.053782,6356459.569155,53705425.348975,4.030000
12.862500,58.617297,211471.406047,211530.023343,6390686.884632,53961439.632117,4.030000
12.880000,61.517711,212138.530404,212200.048115,6410847.448950,54129410.542498,4.030000
12.897500,41.971590,211962.571264,212004.542855,6405529.946267,54095266.514029,4.030000
12.915000,74.517681,210975.462071,211049.979752,6375699.408441,53835060.287095,4.030000
12.932500,45.093620,210567.735277,210612.828897,6363377.864266,53761357.733994,4.030000
12.950000,39.030308,210753.171743,210792.202051,6368981.772683,53776789.992471,4.030000
12.967500,56.139497,210426.644300,210482.783797,6359114.080917,53707384.919197,4.030000
12.985000,34.897146,210649.960370,210684.857515,6365862.714722,53746681.319802,4.030000
13.002500,128.911620,211189.488425,211318.400045,6382167.306132,53919089.553399,4.030000
13.020000,60.152152,211477.165868,211537.318020,6390860.947011,53984481.249232,4.030000
13.037500,114.063025,212133.256891,212247.319917,6410688.082870,54139326.353984,4.030000
13.055000,78.324002,213050.405395,213128.729396,6438404.401689,54373087.757014,4.030000
13.072500,115.486198,213137.219525,213252.705723,6441027.933332,54430598.611064,4.030000
13.090000,53.757712,213392.112414,213445.870127,6448730.821744,54468973.376579,4.030000
13.107500,22.171186,213907.466647,213929.637834,6464304.877827,54589040.923314,4.030000
13.125000,70.248604,213528.339496,213598.588099,6452847.617670,54513929.425950,4.030000
13.142500,51.793003,213990.140058,214041.933061,6466803.276517,54590708.703563,4.030000
13.160000,49.923087,214707.360788,214757.283875,6488477.758161,54779737.440185,4.030000
13.177500,41.458383,215981.823480,216023.281863,6526992.147243,55112727.450036,4.030000
13.195000,94.674748,217226.424189,217321.098936,6564604.104215,55453033.321757,4.030000
13.212500,91.288418,217822.680764,217913.969182,6582623.037131,55577410.029786,4.030000
13.230000,29.948387,218391.701667,218421.650054,6599818.905298,55729948.562232,4.030000
13.247500,108.684225,218176.573167,218285.257391,6593317.700655,55683304.182203,4.030000
13.265000,40.941268,217587.517518,217628.458785,6575516.380464,55510947.604152,4.030000
13.282500,17.593804,217718.602378,217736.196183,6579477.777962,55545502.320169,4.030000
13.300000,73.412259,218422.062046,218495.474306,6600736.398975,55708878.239040,4.030000
13.317500,26.842013,218602.104852,218628.946866,6606177.310444,55804393.687390,4.030000
13.335000,54.985079,218287.348769,218342.333848,6596665.350358,55739966.794524,4.030000
13.352500,98.142438,218187.442080,218285.584518,6593646.160295,55621628.260422,4.030000
13.370000,57.274564,218362.508851,218419.783415,6598936.695512,55721140.968130,4.030000
13.387500,33.214430,219026.456354,219059.670784,6619001.254959,55894032.342434,4.030000
13.405000,94.498402,219250.234885,219344.733287,6625763.864371,55984691.718259,4.030000
13.422500,24.596750,219055.860819,219080.457568,6619889.860796,55909487.951142,4.030000
13.440000,-6.224821,219559.677121,219553.452300,6635115.239467,56040281.481337,4.030000
13.457500,102.704250,219908.629655,220011.333906,6645660.619692,56134033.262254,4.030000
13.475000,14.103696,220514.561824,220528.665519,6663971.949975,56268006.027018,4.030000
13.492500,86.407774,221322.019451,221408.427224,6688373.399626,56495889.538870,4.030000
13.510000,54.417300,222046.534043,222100.951343,6710268.302538,56664282.389704,4.030000
13.527500,45.062323,222100.690448,222145.752771,6711904.914482,56684903.513194,4.030000
13.545000,90.290322,222395.441113,222485.731435,6720812.308818,56746540.351116,4.030000
13.562500,52.573953,222850.282552,222902.856505,6734557.662259,56848317.927082,4.030000
13.580000,63.737004,222746.776330,222810.513334,6731429.693977,56869290.225897,4.030000
13.597500,54.433080,222934.367648,222988.800728,6737098.722217,56917145.659527,4.030000
13.615000,72.057025,223186.101640,223258.158665,6744706.148443,56943380.281210,4.030000
13.632500,76.695963,223373.412167,223450.108130,6750366.691160,56994644.551049,4.030000
13.650000,45.368847,224124.400059,224169.768906,6773061.619820,57230364.546244,4.030000
13.667500,78.738075,224831.662160,224910.400235,6794435.150732,57390457.783198,4.030000
13.685000,55.456066,225300.209428,225355.665494,6808594.695670,57514194.502938,4.030000
13.702500,60.102336,226044.121935,226104.224271,6831075.805490,57684258.146988,4.030000
13.720000,76.158472,226802.010594,226878.169066,6853979.276014,57871084.664186,4.030000
13.737500,100.721547,227877.844300,227978.565847,6886491.077403,58185501.396505,4.030000
13.755000,55.447017,228477.186401,228532.633418,6904603.255199,58325836.599521,4.030000
13.772500,66.545455,229049.559687,229116.105142,6921900.432716,58483037.627312,4.030000
13.790000,13.795898,229911.941099,229925.736997,6947961.684606,58673263.950067,4.030000
13.807500,120.746432,231161.224892,231281.971324,6985715.164847,59011639.947683,4.030000
13.825000,76.492745,231904.523710,231981.016455,7008177.728927,59187786.028909,4.030000
13.842500,72.963153,232344.227485,232417.190638,7021465.620663,59266820.243935,4.030000
13.860000,82.509004,232939.769621,233022.278625,7039462.963136,59438533.656809,4.030000
13.877500,54.845042,233795.439669,233850.284711,7065321.396929,59629697.250500,4.030000
13.895000,80.980539,235205.638577,235286.619116,7107937.747927,60008545.217413,4.030000
13.912500,15.331222,235775.531696,235790.862918,7125159.974557,60180790.621988,4.030000
13.930000,43.180297,236267.173828,236310.354125,7140017.448592,60287919.876434,4.030000
13.947500,61.058280,237131.568451,237192.626731,7166139.539920,60495851.237653,4.030000
13.965000,58.270102,237658.148914,237716.419016,7182052.853778,60657202.458450,4.030000
13.982500,62.075009,238508.206860,238570.281869,7207741.689301,60887745.020025,4.030000
14.000000,46.686876,239287.340933,239334.027809,7231287.198324,61035590.071479,4.030000
14.017500,66.616241,240618.371192,240684.987434,7271511.064914,61426933.900132,4.030000
14.035000,26.615159,242248.075722,242274.690882,7320760.897600,61805903.355229,4.030000
14.052500,134.270744,243457.255651,243591.526396,7357302.435097,62114515.472853,4.030000
14.070000,96.283381,244063.172843,244159.456224,7375613.312767,62265411.906161,4.030000
14.087500,46.898067,243870.460560,243917.358627,7369789.528458,62262200.910855,4.030000
14.105000,9.705129,243764.062106,243773.767234,7366574.156610,62261944.498793,4.030000
14.122500,62.465940,242650.321660,242712.787600,7332916.809767,61981166.437904,4.030000
14.140000,73.929928,241870.718871,241944.648799,7309357.136089,61738400.402432,4.030000
14.157500,59.163762,242630.757416,242689.921178,7332325.576374,61926786.505181,4.030000
14.175000,94.870069,243162.066593,243256.936661,7348381.792435,62082366.746298,4.030000
14.192500,71.548285,243262.792590,243334.340875,7351425.742068,62077988.915459,4.030000
14.210000,53.120319,243383.765731,243436.886050,7355081.562407,62146666.095919,4.030000
14.227500,37.406103,243128.731599,243166.137702,7347374.405618,62015462.284709,4.030000
14.245000,54.699611,242821.254119,242875.953729,7338082.405635,62021192.142919,4.030000
14.262500,8.287243,243164.326460,243172.613704,7348450.085859,62041653.980988,4.030000
14.280000,110.327903,243851.838194,243962.166097,7369226.758720,62270901.011447,4.030000
14.297500,76.433573,244700.542698,244776.976270,7394874.693062,62452136.939318,4.030000
14.315000,39.842720,245678.746833,245718.589553,7424436.119141,62648808.960734,4.030000
14.332500,94.907962,246681.470888,246776.378850,7454738.539633,62921004.636753,4.030000
14.350000,38.582064,246757.707324,246796.289389,7457042.412309,62966265.826520,4.030000
14.367500,41.110152,246123.695578,246164.805730,7437882.514389,62826857.150498,4.030000
14.385000,57.178958,245799.889707,245857.068665,7428097.068836,62749799.404794,4.030000
14.402500,55.237402,246839.548270,246894.785671,7459515.653798,63027656.168190,4.030000
14.420000,80.407878,247832.494211,247912.902089,7489522.578717,63231536.404300,4.030000
14.437500,55.728236,248266.256776,248321.985012,7502630.926495,63371130.275697,4.030000
14.455000,82.363729,249049.189588,249131.553317,7526291.233800,63549959.211142,4.030000
14.472500,83.220282,250227.300936,250310.521219,7561893.875709,63838821.469629,4.030000
14.490000,70.081510,251036.391693,251106.473204,7586344.678709,64053673.918654,4.030000
14.507500,50.987976,251473.896026,251524.884002,7599566.103065,64128747.541289,4.030000
14.525000,66.196939,252403.203114,252469.400053,7627649.855515,64425405.813180,4.030000
14.542500,49.753505,253460.775835,253510.529340,7659609.808154,64694401.610490,4.030000
14.560000,41.605887,254895.518187,254937.124074,7702967.864466,65054088.867499,4.030000
14.577500,97.127845,256456.269181,256553.397026,7750133.914456,65437206.520400,4.030000
14.595000,17.752252,257113.003437,257130.755690,7769980.488864,65583496.448551,4.030000
14.612500,78.736212,257836.584142,257915.320353,7791847.169589,65799914.033697,4.030000
14.630000,53.035048,258862.181840,258915.216889,7822840.833855,66054225.062068,4.030000
14.647500,61.365669,259462.154016,259523.519685,7840972.052567,66194001.043642,4.030000
14.665000,27.584198,259511.648149,259539.232347,7842467.770173,66200672.894846,4.030000
14.682500,79.667953,259298.145462,259377.813415,7836015.697784,66157723.532697,4.030000
14.700000,38.373896,259500.002677,259538.376573,7842115.842868,66232300.596730,4.030000
14.717500,76.319132,259632.548247,259708.867379,7846121.383153,66249606.082404,4.030000
14.735000,28.642905,260163.164888,260191.807793,7862156.670698,66408798.977031,4.030000
14.752500,96.222084,259948.835209,260045.057293,7855679.606531,66342172.882164,4.030000
14.770000,73.096417,259883.045112,259956.141529,7853691.423259,66296669.179066,4.030000
14.787500,10.899064,261248.848704,261259.747768,7894966.143408,66665780.892407,4.030000
14.805000,46.168938,261857.450127,261903.619065,7913358.138843,66822571.094872,4.030000
14.822500,60.861420,261608.612731,261669.474151,7905838.248011,66744868.308001,4.030000
14.840000,46.262504,261436.567257,261482.829762,7900639.016734,66710791.434198,4.030000
14.857500,17.361466,262359.614479,262376.975945,7928533.595412,66935563.552905,4.030000
14.875000,44.238268,263007.373789,263051.612058,7948108.946072,67106958.915416,4.030000
14.892500,51.014589,263528.876471,263579.891059,7963868.808878,67213102.895010,4.030000
14.910000,65.625161,264216.394221,264282.019382,7984645.663552,67432268.433973,4.030000
14.927500,80.360628,265592.778364,265673.138992,8026240.128977,67781498.935921,4.030000
14.945000,29.473140,266545.423181,266574.896321,8055029.149926,68021995.804353,4.030000
14.962500,42.375702,267310.090473,267352.466175,8078137.471414,68214933.391358,4.030000
14.980000,55.174742,267777.959045,267833.133787,8092276.506101,68327869.037809,4.030000
14.997500,109.710916,266662.546256,266772.257171,8058568.620872,68043784.610212,4.030000
15.015000,76.530533,266215.745010,266292.275543,8045066.242857,67933657.615016,4.030000
15.032500,52.234315,266984.841979,267037.076294,8068308.429618,68138804.758397,4.030000
15.050000,41.814174,267545.304581,267587.118756,8085245.665112,68251576.668682,4.030000
15.067500,32.223408,267828.821207,267861.044614,8093813.565672,68354497.516706,4.030000
15.085000,35.174854,268546.399966,268581.574820,8115498.867016,68524652.142959,4.030000
15.102500,67.932331,269431.911366,269499.843697,8142259.109421,68781352.907292,4.030000
15.120000,81.257216,270047.915374,270129.172590,8160874.811724,68895272.807274,4.030000
15.137500,73.148561,270072.257543,270145.406104,8161610.434478,68918833.902504,4.030000
15.155000,57.459041,269745.778404,269803.237445,8151744.202493,68845921.585980,4.030000
15.172500,74.251355,269710.218370,269784.469725,8150669.574716,68791488.918483,4.030000
15.190000,77.975421,270450.052273,270528.027694,8173027.428715,68994619.959719,4.030000
15.207500,85.619733,270771.905637,270857.525369,8182753.869327,69074306.437765,4.030000
15.225000,50.898063,270644.040889,270694.938952,8178889.783958,69063895.585214,4.030000
15.242500,48.321901,271301.452327,271349.774229,8198756.822879,69266996.336151,4.030000
15.260000,80.671454,272259.207947,272339.879401,8227700.292792,69473898.655637,4.030000
15.277500,75.285288,272748.575064,272823.860351,8242489.015644,69648710.769064,4.030000
15.295000,58.310043,272694.998829,272753.308872,8240869.936512,69549011.499983,4.030000
15.312500,86.048106,272561.248230,272647.296336,8236827.980134,69525785.028216,4.030000
15.330000,18.871087,272798.846058,272817.717145,8244008.210070,69639843.901867,4.030000
15.347500,22.009338,273364.553570,273386.562908,8261103.947261,69780548.766474,4.030000
15.365000,56.444978,273549.875592,273606.320570,8266704.397167,69782358.473571,4.030000
15.382500,39.332835,274019.365091,274058.697926,8280892.416433,69929753.195511,4.030000
15.400000,54.401861,274352.122055,274406.523917,8290948.364927,70008077.124685,4.030000
15.417500,1.469064,274217.342656,274218.811720,8286875.318095,69970362.534666,4.030000
15.435000,56.571286,274143.162511,274199.733796,8284633.586735,69959829.972212,4.030000
15.452500,82.566933,274427.340557,274509.907490,8293221.475510,69974844.187500,4.030000
15.470000,74.171149,275026.676877,275100.848026,8311333.478601,70172239.285305,4.030000
15.487500,95.539821,274990.030412,275085.570233,8310226.018798,70190471.687744,4.030000
15.505000,31.096540,275250.980726,275282.077266,8318111.963190,70219216.898236,4.030000
15.522500,28.707175,275959.115713,275987.822889,8339511.872806,70462150.340325,4.030000
15.540000,66.691540,277303.171895,277369.863436,8380129.384057,70781517.482399,4.030000
15.557500,94.385356,278614.139077,278708.524433,8419746.942445,71097374.811014,4.030000
15.575000,44.110496,279407.655451,279451.765947,8443727.086034,71259778.383745,4.030000
15.592500,72.815868,280281.763116,280354.578984,8470142.706440,71517467.812939,4.030000
15.610000,61.534008,280681.981908,280743.515917,8482237.358073,71623160.420889,4.030000
15.627500,57.566549,281003.323087,281060.889636,8491948.320392,71675225.248485,4.030000
15.645000,91.187741,281109.852270,281201.040011,8495167.642895,71752370.892127,4.030000
15.662500,65.886723,281797.194428,281863.081151,8515939.191138,71913000.358360,4.030000
15.680000,55.522046,282936.382608,282991.904653,8550365.571021,72191158.576791,4.030000
15.697500,80.311559,283264.481882,283344.793441,8560280.763670,72253287.090304,4.030000
15.715000,71.181322,283876.288567,283947.469889,8578769.622426,72430246.042115,4.030000
15.732500,103.481559,285385.993302,285489.474862,8624393.049403,72805161.188267,4.030000
15.750000,55.123108,286132.560784,286187.683892,8646954.392808,73025355.783088,4.030000
15.767500,71.502670,285301.599866,285373.102535,8621842.671374,72796669.689982,4.030000
15.785000,70.695987,284409.152415,284479.848402,8594872.820815,72555023.776412,4.030000
15.802500,128.105630,284771.170447,284899.276078,8605813.041689,72661140.629005,4.030000
15.820000,33.669226,285580.531804,285614.201030,8630272.022241,72872984.067752,4.030000
15.837500,75.589558,286485.190055,286560.779613,8657610.884402,73119846.032048,4.030000
15.855000,120.453522,287274.290102,287394.743624,8681457.566156,73306612.115114,4.030000
15.872500,63.309038,287502.981226,287566.290264,8688368.634623,73368884.774399,4.030000
15.890000,70.311699,287699.025398,287769.337097,8694293.108958,73407204.989760,4.030000
15.907500,44.131092,287994.539857,288038.670949,8703223.585255,73487933.878854,4.030000
15.925000,95.815481,288927.461976,289023.277457,8731416.584306,73714754.695936,4.030000
15.942500,23.674906,289843.820690,289867.495596,8759109.035608,73980523.059102,4.030000
15.960000,67.229024,290002.395847,290069.624871,8763901.192605,74007550.919787,4.030000
15.977500,59.744889,290873.042549,290932.787438,8790212.222360,74182510.359624,4.030000
15.995000,60.449124,291267.855195,291328.304319,8802143.499714,74307757.082319,4.030000
16.012500,72.662132,291311.381760,291384.043893,8803458.876848,74319091.539412,4.030000
16.030000,85.011777,291978.594490,292063.606268,8823622.111776,74510728.449638,4.030000
16.047500,38.125096,293525.703170,293563.828266,8870375.889662,74887134.492747,4.030000
16.065000,31.759479,294866.865538,294898.625017,8910905.949583,75228542.066491,4.030000
16.082500,7.755379,294684.234397,294691.989776,8905386.818364,75213500.099546,4.030000
16.100000,37.794101,295105.825795,295143.619896,8918127.352275,75339562.363166,4.030000
16.117500,46.463516,296462.203230,296508.666746,8959117.213005,75647525.347103,4.030000
16.135000,75.579790,297885.944945,297961.524735,9002142.828990,75984721.711852,4.030000
16.152500,89.218894,299477.856288,299567.075182,9050250.547802,76406509.040865,4.030000
16.170000,34.040868,300435.208799,300469.249667,9079181.835731,76645420.282320,4.030000
16.187500,51.606202,300946.438813,300998.045015,9094631.257486,76751783.060403,4.030000
16.205000,39.854897,300636.987720,300676.842617,9085279.614745,76697705.075736,4.030000
16.222500,57.497664,299353.923666,299411.421330,9046505.291667,76377490.497596,4.030000
16.240000,66.934986,299209.193179,299276.128165,9042131.521977,76307642.905148,4.030000
16.257500,54.238839,299443.392654,299497.631493,9049209.053365,76388495.071244,4.030000
16.275000,59.466758,300288.698603,300348.165362,9074754.283069,76615603.906078,4.030000
16.292500,99.615658,301302.163594,301401.779253,9105381.295710,76911089.654501,4.030000
16.310000,30.654490,301519.357725,301550.012216,9111944.923911,76935952.177931,4.030000
16.327500,15.110036,301961.588379,301976.698415,9125309.178165,77030982.242373,4.030000
16.345000,2.241844,302557.447454,302559.689298,9143316.098553,77209888.805386,4.030000
16.362500,65.138396,303137.767306,303202.905702,9160853.422112,77346295.916634,4.030000
16.380000,64.075188,303647.609944,303711.685132,9176260.917232,77517998.455363,4.030000
16.397500,43.557508,304054.717715,304098.275223,9188563.754496,77595908.235766,4.030000
16.415000,59.821382,304894.708259,304954.529641,9213948.352117,77787584.923290,4.030000
16.432500,76.305481,305387.504311,305463.809792,9228840.697733,77937938.780675,4.030000
16.450000,55.969452,305684.465150,305740.434603,9237814.883788,78000480.851718,4.030000
16.467500,38.127190,306152.333762,306190.460952,9251953.919665,78128963.203777,4.030000
16.485000,31.419969,306030.768810,306062.188779,9248280.214746,78052640.409520,4.030000
16.502500,46.204741,305685.661693,305731.866434,9237851.043415,78011336.886534,4.030000
16.520000,36.105887,307135.416326,307171.522213,9281662.772356,78378113.506413,4.030000
16.537500,63.198312,308853.657281,308916.855593,9333588.184605,78804927.982581,4.030000
16.555000,86.980503,309666.165479,309753.145982,9358142.263016,78994690.644533,4.030000
16.572500,53.249547,309887.462610,309940.712157,9364829.884265,79100202.744245,4.030000
16.590000,77.094812,309692.456336,309769.551149,9358936.775318,79038058.452499,4.030000
16.607500,75.536853,310383.317413,310458.854266,9379814.665650,79179855.427708,4.030000
16.625000,42.246774,310599.616782,310641.863556,9386351.254059,79270300.506591,4.030000
16.642500,80.885781,310699.742777,310780.628558,9389377.071566,79218867.161766,4.030000
16.660000,72.430482,310501.176445,310573.606927,9383376.377283,79194498.675053,4.030000
16.677500,62.270280,309058.022930,309120.293210,9339764.134810,78830683.803816,4.030000
16.695000,65.131276,308127.297948,308192.429225,9311637.533451,78611559.174906,4.030000
16.712500,77.892668,308003.501440,308081.394108,9307896.390693,78561165.568545,4.030000
16.730000,56.898446,308471.065380,308527.963826,9322026.219357,78725498.505913,4.030000
16.747500,46.571648,309151.227723,309197.799371,9342580.792885,78867709.294296,4.030000
16.765000,74.526082,309844.452765,309918.978847,9363530.122482,79057337.260123,4.030000
16.782500,75.968833,310777.011025,310852.979858,9391712.125675,79293177.360869,4.030000
16.800000,69.173656,311758.413755,311827.587411,9421370.213597,79553116.650392,4.030000
16.817500,76.806967,312796.404122,312873.211088,9452738.385542,79819808.502746,4.030000
16.835000,29.555409,313183.430536,313212.985945,9464434.362197,79911655.597746,4.030000
16.852500,83.631412,312826.254746,312909.886157,9453640.474356,79806131.298774,4.030000
16.870000,74.024681,312445.149964,312519.174645,9442123.450013,79724916.519347,4.030000
16.887500,72.784626,312320.536821,312393.321447,9438357.628464,79673214.685584,4.030000
16.905000,82.059895,311984.305084,312066.364978,9428196.671989,79611880.705490,4.030000
16.922500,96.730822,312286.199071,312382.929893,9437319.938260,79663159.889927,4.030000
16.940000,57.366322,311596.804610,311654.170932,9416486.369195,79503754.002513,4.030000
16.957500,72.199440,310998.292322,311070.491761,9398399.268434,79370196.628316,4.030000
16.975000,87.809350,311811.863072,311899.672422,9422985.457273,79582436.450144,4.030000
16.992500,65.847156,311976.292879,312042.140035,9427954.542366,79593141.603025,4.030000
17.010000,44.838176,311897.364979,311942.203155,9425569.333397,79597807.183328,4.030000
17.027500,83.589618,312650.215198,312733.804817,9448320.541759,79765653.343427,4.030000
17.045000,116.376839,313212.401544,313328.778382,9465309.868930,79926632.954300,4.030000
17.062500,36.712627,314320.550842,314357.263470,9498798.250751,80216915.359607,4.030000
17.080000,88.247653,316466.974883,316555.222536,9563663.398340,80738872.807394,4.030000
17.097500,76.587355,316975.021229,317051.608584,9579016.609359,80860920.855211,4.030000
17.115000,90.775883,316522.284173,316613.060056,9565334.850582,80744639.013493,4.030000
17.132500,32.195449,316006.768723,316038.964172,9549755.922510,80636633.119407,4.030000
17.150000,120.664478,315587.529242,315708.193720,9537086.463763,80507668.679162,4.030000
17.167500,67.701331,316088.095713,316155.797043,9552213.632200,80628538.931525,4.030000
17.185000,95.383389,317332.468804,317427.852193,9589818.710550,80972824.376599,4.030000
17.202500,92.862305,318728.284457,318821.146762,9632000.398161,81362295.390112,4.030000
17.220000,63.777536,319852.134874,319915.912410,9665963.269340,81631091.548408,4.030000
17.237500,94.179016,320616.465896,320710.644912,9689061.428706,81829646.530608,4.030000
17.255000,54.012665,321304.812207,321358.824872,9709863.322554,81997191.054454,4.030000
17.272500,78.608379,322018.570963,322097.179342,9731433.183018,82165010.152223,4.030000
17.290000,47.321810,322668.728327,322716.050137,9751081.003107,82310652.845818,4.030000
17.307500,47.026979,323419.864925,323466.891905,9773780.425677,82507477.441980,4.030000
17.325000,93.632809,324400.510110,324494.142919,9803415.620522,82755842.031289,4.030000
17.342500,47.325893,325236.414564,325283.740457,9828676.736085,83024079.858501,4.030000
17.360000,64.508632,325712.764200,325777.272832,9843072.069383,83097955.316770,4.030000
17.377500,52.801041,326887.742916,326940.543957,9878580.042822,83413779.961689,4.030000
17.395000,54.169377,328280.905436,328335.074814,9920681.552497,83770377.262512,4.030000
17.412500,54.559282,329121.435146,329175.994428,9946082.443763,83981240.709583,4.030000
17.430000,42.351107,329280.526418,329322.877525,9950890.197792,84011309.071854,4.030000
17.447500,79.168766,329374.734096,329453.902862,9953737.163184,84020132.749600,4.030000
17.465000,43.760394,329183.729909,329227.490303,9947964.997693,83974660.284619,4.030000
17.482500,61.349172,329333.974043,329395.323214,9952505.390321,84027757.139789,4.030000
17.500000,103.804647,330181.566024,330285.370671,9978119.704156,84227963.668213,4.030000
17.517500,36.967667,330716.064700,330753.032367,9994272.307206,84380454.683825,4.030000
17.535000,70.524967,332395.373301,332465.898269,10045021.179844,84773591.077779,4.030000
17.552500,32.973618,333822.708733,333855.682351,10088155.398287,85164220.926873,4.030000
17.570000,65.260795,334072.444862,334137.705657,10095702.448889,85236728.218685,4.030000
17.587500,57.937951,334905.954321,334963.892272,10120891.187481,85468388.998855,4.030000
17.605000,98.904181,335838.455941,335937.360122,10149071.479033,85652378.789436,4.030000
17.622500,60.118591,337072.402629,337132.521219,10186361.470433,86008043.748122,4.030000
17.640000,72.946959,338993.834652,339066.781611,10244427.336929,86463055.989907,4.030000
17.657500,48.774110,339678.330328,339727.104438,10265112.864216,86662506.649289,4.030000
17.675000,52.075218,339344.598843,339396.674061,10255027.465603,86563076.888405,4.030000
17.692500,97.935015,338977.007843,339074.942858,10243918.829099,86500631.265883,4.030000
17.710000,27.560718,338346.306250,338373.866968,10224858.964324,86317005.498318,4.030000
17.727500,53.683688,338518.991885,338572.675572,10230077.541351,86344821.102070,4.030000
17.745000,45.077315,339664.902768,339709.980082,10264707.081998,86661637.566763,4.030000
17.762500,82.095289,340638.067517,340720.162806,10294116.217338,86943403.947648,4.030000
17.780000,66.837438,340803.957582,340870.795020,10299129.431561,86922868.665138,4.030000
17.797500,25.189767,340824.217057,340849.406824,10299741.674909,86914811.069481,4.030000
17.815000,116.668756,340927.427166,341044.095922,10302860.694657,87002156.214953,4.030000
17.832500,95.682684,341817.717303,341913.399987,10329765.350974,87194638.286137,4.030000
17.850000,113.155189,343088.213435,343201.368624,10368159.870217,87525421.006241,4.030000
17.867500,107.628735,344017.706574,344125.335309,10396249.245151,87800969.153707,4.030000
17.885000,49.391417,345264.986271,345314.377688,10433942.161412,88069472.476186,4.030000
17.902500,62.042349,346570.608213,346632.650562,10473398.186128,88422031.277732,4.030000
17.920000,72.586744,348636.040003,348708.626747,10535815.739872,88948950.744592,4.030000
17.937500,46.426946,351138.852361,351185.279307,10611450.977804,89571630.014201,4.030000
17.955000,58.092691,352613.661720,352671.754411,10656019.863024,89969233.693248,4.030000
17.972500,69.141540,353361.012810,353430.154350,10678604.887169,90112296.382540,4.030000
17.990000,56.116929,354170.883872,354227.000801,10703079.271059,90363291.940094,4.030000
18.007500,73.040342,355900.101448,355973.141790,10755336.397888,90809783.371635,4.030000
18.025000,47.458356,357014.966482,357062.424838,10789027.729881,91048232.114487,4.030000
18.042500,54.228521,356693.644327,356747.872848,10779317.342468,91000513.564098,4.030000
18.060000,30.001656,356873.260619,356903.262275,10784745.364639,91057027.017190,4.030000
18.077500,35.513105,357387.406316,357422.919421,10800282.898633,91201744.560369,4.030000
18.095000,87.985337,357734.884581,357822.869919,10810783.726312,91271752.501826,4.030000
18.112500,103.935002,358783.033605,358886.968606,10842458.893864,91524256.308284,4.030000
18.130000,100.008248,359538.638625,359638.646873,10865293.352587,91745315.391147,4.030000
18.147500,41.821507,360243.186968,360285.008475,10886584.873451,91991419.706985,4.030000
18.165000,57.052588,361770.984099,361828.036687,10932755.054412,92307739.234401,4.030000
18.182500,32.251356,362203.523089,362235.774446,10945826.425654,92410802.154685,4.030000
18.200000,48.170513,362610.638575,362658.809087,10958129.496041,92506722.735452,4.030000
18.217500,31.938770,363583.936654,363615.875424,10987542.660626,92772794.166687,4.030000
18.235000,53.291046,364115.138268,364168.429314,11003595.626135,92903733.582490,4.030000
18.252500,41.764296,364513.336510,364555.100806,11015629.216532,92996450.800890,4.030000
18.270000,71.835898,364019.025326,364090.861223,11000691.083463,92888342.976680,4.030000
18.287500,80.165673,363783.131691,363863.297364,10993562.354397,92808088.825270,4.030000
18.305000,14.130023,365326.923399,365341.053422,11040215.893095,93201865.616441,4.030000
18.322500,94.073783,366675.893999,366769.967782,11080981.918529,93548121.876878,4.030000
18.340000,34.990316,367285.928166,367320.918482,11099417.211637,93718285.691276,4.030000
18.357500,59.360149,368565.700541,368625.060690,11138092.059857,94022608.555462,4.030000
18.375000,48.511466,370930.158109,370978.669576,11209546.202289,94628307.602286,4.030000
18.392500,76.186168,372689.657115,372765.843283,11262718.436910,95065715.077833,4.030000
18.410000,88.035628,373020.362652,373108.398280,11272712.391069,95150885.175474,4.030000
18.427500,109.319419,372905.903943,373015.223362,11269253.437542,95113656.337636,4.030000
18.445000,35.652478,372570.604605,372606.257083,11259120.658246,95069447.127148,4.030000
18.462500,36.499965,372367.164958,372403.664923,11252972.691936,94974473.993061,4.030000
18.480000,86.570004,372760.681882,372847.251886,11264864.812429,95094464.817465,4.030000
18.497500,14.817224,373900.074485,373914.891709,11299297.370004,95382330.136800,4.030000
18.515000,52.606434,375082.049327,375134.655762,11335016.767085,95682493.419138,4.030000
18.532500,89.586036,375541.389652,375630.975688,11348898.077301,95780466.291404,4.030000
18.550000,63.714248,376256.566740,376320.280987,11370510.799883,95952831.632614,4.030000
18.567500,39.246981,376876.135062,376915.382043,11389234.216107,96147529.048315,4.030000
18.585000,73.179712,377080.408834,377153.588546,11395407.389762,96178845.170147,4.030000
18.602500,60.060304,377880.943255,377941.003558,11419599.619438,96379026.736365,4.030000
18.620000,57.119594,377999.954187,378057.073781,11423196.141621,96467394.573007,4.030000
18.637500,97.520906,378629.050467,378726.571373,11442207.493664,96565804.514104,4.030000
18.655000,67.339184,380093.014366,380160.353550,11486448.628030,96979822.699050,4.030000
18.672500,68.327942,380709.663242,380777.991184,11505083.818265,97101732.966957,4.030000
18.690000,43.269126,381241.433736,381284.702862,11521153.975396,97251091.052748,4.030000
18.707500,57.482306,381265.667616,381323.149922,11521886.325643,97268607.660866,4.030000
18.725000,98.011747,380958.111823,381056.123570,11512591.959061,97186182.515873,4.030000
18.742500,101.509232,381279.329057,381380.838289,11522299.175751,97253340.659074,4.030000
18.760000,28.651482,382187.249659,382215.901141,11549736.626491,97509966.539401,4.030000
18.777500,61.968770,382822.507974,382884.476744,11568934.195814,97655083.398993,4.030000
18.795000,60.354332,381982.880442,382043.234774,11543560.568456,97448049.057479,4.030000
18.812500,30.406258,381261.638213,381292.044471,11521764.556679,97258495.101475,4.030000
18.830000,84.364818,383164.640188,383249.005006,11579273.465287,97761986.089240,4.030000
18.847500,66.994854,385176.202017,385243.196871,11640063.063467,98250177.486321,4.030000
18.865000,23.531852,385492.134493,385515.666345,11649610.574244,98322276.909054,4.030000
18.882500,36.236060,386739.330627,386775.566688,11687300.965249,98687438.653944,4.030000
18.900000,39.624365,387560.384021,387600.008386,11712113.280333,98889007.511601,4.030000
18.917500,99.923215,387556.076426,387655.999640,11711983.104360,98847980.468522,4.030000
18.935000,21.216238,387320.994302,387342.210540,11704878.899235,98785530.160256,4.030000
18.952500,73.642893,387732.637661,387806.280553,11717318.802406,98883886.673604,4.030000
18.970000,96.982306,389484.513439,389581.495746,11770260.662359,99359154.713118,4.030000
18.987500,61.950310,390472.198627,390534.148938,11800108.606797,99558137.628436,4.030000
19.005000,37.874469,390049.573720,390087.448189,11787336.840150,99505012.237853,4.030000
19.022500,83.164934,391507.114833,391590.279767,11831383.877257,99856883.975628,4.030000
19.040000,85.331734,393728.088158,393813.419892,11898501.911630,100429547.570668,4.030000
19.057500,45.915010,393918.123565,393964.038574,11904244.800496,100462748.199272,4.030000
19.075000,48.944696,394703.930052,394752.874748,11927991.950558,100725429.075458,4.030000
19.092500,49.533575,395196.534335,395246.067910,11942878.500897,100803319.815954,4.030000
19.110000,72.694079,394724.016433,394796.710511,11928598.962967,100671098.609147,4.030000
19.127500,55.053219,394162.969788,394218.023007,11911644.077685,100513735.734782,4.030000
19.145000,-4.953818,394945.383710,394940.429893,11935288.704079,100771819.764666,4.030000
19.162500,57.218398,396142.519691,396199.738089,11971466.272262,101058929.478030,4.030000
19.180000,39.717178,396459.159078,396498.876256,11981035.145965,101126469.268557,4.030000
19.197500,77.621035,396772.885326,396850.506361,11990515.984329,101184539.115179,4.030000
19.215000,9.946138,396915.908646,396925.854784,11994838.163273,101255621.078171,4.030000
19.232500,85.855920,397791.880957,397877.736877,12021310.133455,101486897.435952,4.030000
19.250000,75.491890,398649.277033,398724.768923,12047220.728004,101734237.622698,4.030000
19.267500,62.503881,398546.215554,398608.719436,12044106.199883,101653268.266218,4.030000
19.285000,70.600977,398028.055677,398098.656654,12028447.356947,101548271.414487,4.030000
19.302500,91.716365,397606.994738,397698.711103,12015722.853557,101427273.822968,4.030000
19.320000,63.011866,397263.142472,397326.154339,12005331.603967,101335075.357090,4.030000
19.337500,90.431625,397377.748068,397468.179693,12008794.996448,101377813.218911,4.030000
19.355000,33.567131,398448.893869,398482.460999,12041165.128882,101631368.020155,4.030000
19.372500,60.375175,399340.382187,399400.757362,12068105.994360,101911511.167421,4.030000
19.390000,83.911500,400059.520012,400143.431512,12089838.410821,102050294.922397,4.030000
19.407500,61.237022,400722.833829,400784.070851,12109883.820236,102248176.049944,4.030000
19.425000,103.412348,401359.983985,401463.396333,12129138.561203,102382626.786718,4.030000
19.442500,43.323741,402779.138947,402822.462688,12172025.565019,102755541.946038,4.030000
19.460000,40.218873,404204.877854,404245.096727,12215111.536338,103118505.000043,4.030000
19.477500,108.495621,405096.292815,405204.788436,12242050.184957,103328315.040127,4.030000
19.495000,60.372138,405584.717843,405645.089981,12256810.437795,103498207.548857,4.030000
19.512500,82.406545,404811.930621,404894.337166,12233456.731233,103250748.405515,4.030000
19.530000,49.315661,402924.167479,402973.483140,12176408.341655,102760728.379805,4.030000
19.547500,92.344572,402351.919075,402444.263647,12159114.938075,102626952.906029,4.030000
19.565000,-0.639294,402869.837322,402869.198029,12174766.478932,102751846.820890,4.030000
19.582500,20.547589,403301.048220,403321.595809,12187797.715064,102871738.204504,4.030000
19.600000,58.213737,404244.285149,404302.498886,12216302.428693,103119257.022533,4.030000
19.617500,63.669178,404994.439528,405058.108706,12238972.168499,103336069.606210,4.030000
19.635000,55.513271,405060.302484,405115.815755,12240962.553591,103312394.230633,4.030000
19.652500,34.015509,405258.672799,405292.688308,12246957.324205,103403703.606372,4.030000
19.670000,17.381424,404977.933869,404995.315293,12238473.365853,103311271.741710,4.030000
19.687500,86.178803,405062.095540,405148.274343,12241016.739917,103315984.197286,4.030000
19.705000,40.802121,405235.179358,405275.981478,12246247.350070,103385395.002272,4.030000
19.722500,19.300214,405449.158578,405468.458792,12252713.823334,103409239.652853,4.030000
19.740000,82.301514,406596.827777,406679.129291,12287396.500479,103750732.535664,4.030000
19.757500,100.256542,407832.769121,407933.025664,12324746.770602,104059996.326688,4.030000
19.775000,62.071851,409411.250774,409473.322624,12372448.642837,104397031.785654,4.030000
19.792500,104.070946,410534.671298,410638.742244,12406398.522624,104765433.071574,4.030000
19.810000,108.290278,411265.536234,411373.826512,12428485.333540,104944900.311916,4.030000
19.827500,49.234708,412368.920245,412418.154954,12461829.707895,105217945.093865,4.030000
19.845000,43.487077,412479.542595,412523.029673,12465172.726295,105226713.891869,4.030000
19.862500,52.411229,411860.938927,411913.350156,12446478.462032,105091359.592658,4.030000
19.880000,76.665934,411272.729823,411349.395757,12428702.724503,104916886.844692,4.030000
19.897500,26.515942,410971.666625,410998.182567,12419604.564769,104811738.431686,4.030000
19.915000,72.536067,411314.039123,411386.575190,12429951.095647,104902177.010565,4.030000
19.932500,11.530149,411913.240187,411924.770336,12448059.011289,105113756.450464,4.030000
19.950000,79.905341,411207.546310,411287.451651,12426732.872286,104920778.715629,4.030000
19.967500,56.075976,409965.294911,410021.370887,12389191.911673,104586770.887111,4.030000
19.985000,40.032732,410505.625313,410545.658045,12405520.750068,104686011.773424,4.030000
